DSC07720.jpg 0.9722249740600777 -0.1544108610891677 -0.18118910851338063 0.007059935964931307 2.593756513305998 0.48664145640004747 3.654479616653711
DSC07739.jpg 0.7778259191136571 0.14447478027817284 0.5789925036859797 0.19522299834632692 2.094842739130089 0.9199532533026303 -1.809404194957643
DSC07752.jpg 0.9837999509537099 -0.012695827006030086 -0.07759984998713787 -0.010667698156166888 -3.585466862217907 0.3871463351719471 -1.374418073447423
DSC07760.jpg 0.7464122311518248 0.05026572363476292 0.6613740024252148 0.03548576737452405 -0.8998697966299966 -0.8913631908413356 6.05156431102446
DSC07775.jpg 0.9852555994441359 -0.030397445876014582 -0.011451191860542845 0.02220151707610883 2.6761864249623235 -0.6966388256013937 1.6539527349205994
DSC07789.jpg -0.3600699379249495 -0.005979988260025815 0.9295773452699936 0.07873905450235326 -0.49782624432316547 -0.2696080382652124 2.1255933218063117
DSC07798.jpg 0.02754526665148163 -0.015161438911015637 0.9963525129456052 0.07932880310595823 0.5013451916292924 -0.6324686943343522 1.5426390827470453
DSC07809.jpg -0.2941663567798784 0.013207029472668962 0.9555558523628178 0.014308805908640181 0.2632093624999722 0.38279668553086776 1.6464716753133481
DSC07817.jpg -0.18141961457152117 0.005768837512435186 0.9799277654328349 0.08243311528922649 -0.4364422678258052 0.7780592914537605 2.9104158069416286
DSC07825.jpg 0.5066176340566534 -0.048385544253785724 -0.8576396260867218 -0.07383551811920733 -1.7012339293442869 0.2190446716399184 1.4863842905233928
DSC07842.jpg 0.5851094888333097 0.10788735934441876 -0.7611802267122617 -0.2635800909979943 -1.6470040212660577 -1.4346109225553423 1.8102218868286075
DSC07851.jpg 0.9326898963519004 -0.03707050146121788 0.3439889073439308 0.060576946403892745 0.9725495003205156 0.32558514423154133 2.314188736332165
