DSC07720.jpg 0.9512249740600777 -0.1144108610891677 -0.15118910851338063 0.007059935964931307 2.5147565133059984 0.41864145640004747 3.6744796166537115
DSC07739.jpg 0.7078259191136571 0.15447478027817284 0.5299925036859797 0.12422299834632692 2.0088427391300897 0.9459532533026303 -1.8714041949576418
DSC07752.jpg 0.9767999509537099 -0.051695827006030087 -0.09859984998713787 -0.078667698156166888 -3.593466862217908 0.39214633517194707 -1.3774180734474222
DSC07760.jpg 0.7174122311518248 0.04126572363476292 0.6513740024252148 0.06648576737452405 -0.8598697966299966 -0.9803631908413356 6.048564311024461
DSC07775.jpg 0.9792555994441359 -0.06939744587601458 -0.051451191860542852 0.022201517076108835 2.616186424962324 -0.6146388256013937 1.6549527349205992
DSC07789.jpg -0.3900699379249495 -0.095979988260025815 0.9795773452699936 0.08873905450235325 -0.48782624432316547 -0.2296080382652124 2.1855933218063117
DSC07798.jpg 0.027545266651481628 -0.085161438911015637 0.9963525129456052 0.04932880310595823 0.5513451916292924 -0.6834686943343522 1.5626390827470455
DSC07809.jpg -0.2341663567798784 0.013207029472668967 0.9655558523628178 0.064308805908640183 0.2022093624999722 0.38379668553086776 1.6444716753133488
DSC07817.jpg -0.19141961457152117 0.005768837512435186 0.9499277654328349 0.08243311528922649 -0.4964422678258052 0.7500592914537605 2.990415806941628
DSC07825.jpg 0.5966176340566534 -0.04838554425378572 -0.8676396260867218 -0.06383551811920733 -1.740233929344287 0.2300446716399184 1.486384290523393
DSC07842.jpg 0.5031094888333097 0.19788735934441876 -0.7911802267122617 -0.2525800909979943 -1.679004021266059 -1.4736109225553424 1.8332218868286076
DSC07851.jpg 0.9466898963519004 -0.04607050146121788 0.3529889073439308 0.000576946403892745 0.9055495003205156 0.34958514423154134 2.3181887363321656
