DSC07720.jpg 0.9912249740600777 -0.1844108610891677 -0.12118910851338063 0.007059935964931307 2.5947565133059984 0.28864145640004747 3.7544796166537115
DSC07739.jpg 0.7478259191136571 0.16447478027817284 0.5599925036859797 0.14422299834632692 2.9888427391300897 0.2159532533026303 -1.0114041949576418
DSC07752.jpg 0.9967999509537099 -0.081695827006030087 -0.06859984998713787 -0.078667698156166888 -3.173466862217908 0.58214633517194707 -1.3874180734474222
DSC07760.jpg 0.7274122311518248 0.03126572363476292 0.6313740024252148 0.09648576737452405 -0.0998697966299966 -0.2003631908413356 6.258564311024461
DSC07775.jpg 0.9992555994441359 -0.08939744587601458 -0.021451191860542852 0.042201517076108835 2.976186424962324 -0.0946388256013937 1.9549527349205992
DSC07789.jpg -0.3300699379249495 -0.085979988260025815 0.9295773452699936 0.06873905450235325 -0.09782624432316547 -0.3696080382652124 2.6255933218063117
DSC07798.jpg 0.007545266651481628 -0.045161438911015637 0.9163525129456052 0.02932880310595823 0.5013451916292924 -0.8334686943343522 1.4426390827470455
DSC07809.jpg -0.2641663567798784 0.053207029472668967 0.9555558523628178 0.004308805908640183 0.3622093624999722 0.18379668553086776 1.7444716753133488
DSC07817.jpg -0.13141961457152117 0.055768837512435186 0.9599277654328349 0.07243311528922649 -0.1364422678258052 0.9800592914537605 2.610415806941628
DSC07825.jpg 0.5366176340566534 -0.05838554425378572 -0.8476396260867218 -0.01383551811920733 -1.300233929344287 0.2200446716399184 1.686384290523393
DSC07842.jpg 0.5031094888333097 0.14788735934441876 -0.7911802267122617 -0.2325800909979943 -1.939004021266059 -1.1336109225553424 1.7032218868286076
DSC07851.jpg 0.9466898963519004 -0.08607050146121788 0.3929889073439308 0.000576946403892745 0.4755495003205156 0.72958514423154134 2.4181887363321656
