DSC07720.jpg 0.9912249740600777 -0.1844108610891677 -0.14118910851338065 0.007059935964931307 2.4947565133059983 0.28864145640004746 3.7544796166537115
DSC07739.jpg 0.7478259191136571 0.16447478027817283 0.5399925036859797 0.14422299834632693 2.9888427391300896 0.11595325330263029 -1.0114041949576418
DSC07752.jpg 0.9967999509537099 -0.08169582700603009 -0.06859984998713788 -0.0786676981561669 -3.4734668622179083 0.582146335171947 -1.3874180734474222
DSC07760.jpg 0.7274122311518249 0.03126572363476292 0.6313740024252148 0.09648576737452405 -0.39986979662999655 -0.2003631908413356 6.258564311024461
DSC07775.jpg 0.9992555994441359 -0.08939744587601459 -0.021451191860542854 0.042201517076108835 2.976186424962324 -0.39463882560139374 1.9549527349205993
DSC07789.jpg -0.3300699379249495 -0.08597998826002581 0.9495773452699936 0.06873905450235325 -0.09782624432316547 -0.3696080382652124 2.5255933218063116
DSC07798.jpg 0.007545266651481628 -0.035161438911015634 0.9363525129456052 0.02932880310595823 0.5013451916292924 -0.8334686943343522 1.4426390827470454
DSC07809.jpg -0.2641663567798784 0.023207029472668964 0.9555558523628178 0.004308805908640183 0.3622093624999722 0.18379668553086775 1.744471675313349
DSC07817.jpg -0.1414196145715212 0.03576883751243518 0.9599277654328349 0.0724331152892265 -0.1364422678258052 0.9800592914537605 2.610415806941628
DSC07825.jpg 0.5366176340566534 -0.05838554425378572 -0.8776396260867219 -0.01383551811920733 -1.300233929344287 0.2200446716399184 1.686384290523393
DSC07842.jpg 0.5031094888333097 0.13788735934441876 -0.7911802267122617 -0.2325800909979943 -1.939004021266059 -1.1336109225553423 1.5032218868286074
DSC07851.jpg 0.9466898963519004 -0.08607050146121788 0.3929889073439308 0.000576946403892745 0.4755495003205156 0.42958514423154137 2.4181887363321657
