DSC07720.jpg 0.9712249740600777 -0.1545108610891677 -0.18118910851338063 0.007159935964931308 2.5946565133059982 0.48864145640004747 3.6544796166537115
DSC07739.jpg 0.7778259191136571 0.14467478027817282 0.5799925036859797 0.19412299834632693 2.0888427391300897 0.9159532533026303 -1.8114041949576418
DSC07752.jpg 0.9967999509537099 -0.011495827006030088 -0.07849984998713787 -0.008667698156166888 -3.573466862217908 0.38214633517194707 -1.3874180734474222
DSC07760.jpg 0.7473122311518248 0.05126572363476292 0.6613740024252148 0.03638576737452405 -0.8999697966299965 -0.9003631908413356 6.058564311024461
DSC07775.jpg 0.9992555994441359 -0.02959744587601458 -0.011351191860542852 0.022201517076108835 2.676186424962324 -0.6946388256013937 1.6549527349205992
DSC07789.jpg -0.3601699379249495 -0.005979988260025815 0.9296773452699936 0.07873905450235325 -0.49782624432316547 -0.2697080382652124 2.1255933218063117
DSC07798.jpg 0.027545266651481628 -0.015161438911015637 0.9965525129456052 0.07922880310595823 0.5013451916292924 -0.6334686943343522 1.5426390827470455
DSC07809.jpg -0.2943663567798784 0.013207029472668967 0.9556558523628178 0.014308805908640183 0.2622093624999722 0.38379668553086776 1.6444716753133488
DSC07817.jpg -0.18141961457152117 0.005768837512435186 0.9800277654328349 0.0826331152892265 -0.4364422678258052 0.7800592914537605 2.910415806941628
DSC07825.jpg 0.5067176340566534 -0.04838554425378572 -0.8578396260867218 -0.07383551811920733 -1.700233929344287 0.2200446716399184 1.486384290523393
DSC07842.jpg 0.5831094888333097 0.10778735934441876 -0.7612802267122617 -0.2624800909979943 -1.639004021266059 -1.4336109225553424 1.8032218868286076
DSC07851.jpg 0.9366898963519004 -0.03627050146121789 0.3428889073439308 0.060576946403892745 0.9755495003205156 0.32958514423154134 2.3181887363321656
