DSC07720.jpg 0.970739 -0.155403 -0.182937 0.007054 2.585507 0.488573 3.650579
DSC07739.jpg 0.780447 0.144207 0.576017 0.195731 2.091798 0.918124 -1.816338
DSC07752.jpg 0.997162 -0.011432 -0.073969 -0.008090 -3.579898 0.385850 -1.380407
DSC07760.jpg 0.748976 0.051084 0.659740 0.034194 -0.894125 -0.901481 6.053795
DSC07775.jpg 0.999185 -0.030334 -0.014251 0.022503 2.671522 -0.692818 1.653435
DSC07789.jpg -0.362657 -0.005341 0.928711 0.077124 -0.497798 -0.263295 2.127442
DSC07798.jpg 0.025602 -0.010094 0.997006 0.072265 0.499252 -0.629100 1.545928
DSC07809.jpg -0.296479 0.013557 0.954854 0.013010 0.266248 0.391703 1.645267
DSC07817.jpg -0.184133 0.006242 0.979555 0.080796 -0.435117 0.783147 2.916080
DSC07825.jpg -0.508526 0.048260 0.856527 0.073713 -1.696593 0.229804 1.483946
DSC07842.jpg -0.584644 -0.107461 0.761205 0.259249 -1.632107 -1.431219 1.809568
DSC07851.jpg 0.937617 -0.037442 0.340191 0.061181 0.975005 0.327678 2.311847
