DSC07720.jpg 0.9712249740600777 -0.1544108610891677 -0.18118910851338066 0.007059935964931307 2.5947565133059967 0.4886414564000475 3.654479616653712
DSC07739.jpg 0.597825919113657 0.09447478027817285 0.5099925036859797 0.13422299834632692 2.2088427391300853 0.38595325330262975 -1.991404194957642
DSC07752.jpg 0.9067999509537098 -0.03169582700603008 -0.06859984998713789 -0.02866769815616689 -3.6634668622179065 0.38214633517194707 -1.287418073447422
DSC07760.jpg 0.7474122311518249 0.05126572363476292 0.6613740024252148 0.036485767374524046 -0.8998697966299967 -0.9003631908413355 6.058564311024461
DSC07775.jpg 0.7192555994441356 -0.03939744587601458 -0.0014511918605428463 0.03220151707610883 2.6261864249623237 -0.6846388256013938 1.6149527349205992
DSC07789.jpg -0.36006993792494946 -0.005979988260025814 0.9295773452699936 0.07873905450235326 -0.49782624432316547 -0.2696080382652124 2.125593321806313
DSC07798.jpg 0.027545266651481628 -0.015161438911015646 0.9963525129456052 0.07932880310595823 0.5013451916292924 -0.6334686943343522 1.5426390827470455
DSC07809.jpg -0.29416635677987846 0.013207029472668967 0.9555558523628178 0.01430880590864018 0.26220936249997223 0.38379668553086776 1.6444716753133488
DSC07817.jpg -0.19141961457152118 0.005768837512435186 0.9799277654328349 0.08243311528922649 -0.5064422678258051 0.7800592914537605 2.9604158069416284
DSC07825.jpg 0.5066176340566533 -0.04838554425378572 -0.8576396260867218 -0.07383551811920733 -1.700233929344287 0.2200446716399184 1.486384290523393
DSC07842.jpg 0.5331094888333098 0.1178873593444187 -0.7811802267122617 -0.2525800909979943 -1.529004021266059 -1.4236109225553424 1.5432218868286074
DSC07851.jpg 0.9066898963519003 -0.03607050146121788 0.3529889073439308 0.06057694640389275 0.9355495003205156 0.3095851442315413 2.2881887363321662
