DSC07720.jpg 0.9712249740600777 -0.15441086108916768 -0.1811891085133807 0.007059935964931307 2.5947565133059984 0.4886414564000474 3.6544796166537115
DSC07739.jpg 0.8178259191136572 0.11447478027817282 0.5799925036859798 0.17422299834632696 2.188842739130089 0.7159532533026303 -1.9114041949576426
DSC07752.jpg 0.6267999509537096 -0.03169582700603009 -0.08859984998713787 -0.02866769815616689 -3.6734668622179085 0.38214633517194707 -1.187418073447422
DSC07760.jpg 0.7474122311518249 0.05126572363476292 0.6613740024252148 0.036485767374524074 -0.8998697966299964 -0.9003631908413355 6.058564311024462
DSC07775.jpg 0.6792555994441356 -0.02939744587601459 -0.021451191860542854 0.05220151707610884 2.676186424962324 -0.5946388256013937 1.654952734920599
DSC07789.jpg -0.3600699379249495 -0.005979988260025814 0.9295773452699936 0.07873905450235325 -0.49782624432316547 -0.2696080382652124 2.125593321806311
DSC07798.jpg 0.02754526665148163 -0.015161438911015632 0.9963525129456052 0.07932880310595823 0.5013451916292924 -0.6334686943343523 1.5426390827470455
DSC07809.jpg -0.2941663567798784 0.013207029472668963 0.9555558523628178 0.014308805908640183 0.2622093624999722 0.38379668553086776 1.6444716753133488
DSC07817.jpg -0.18141961457152123 0.005768837512435178 0.9799277654328349 0.08243311528922649 -0.4364422678258052 0.7800592914537605 2.910415806941628
DSC07825.jpg 0.5066176340566534 -0.04838554425378572 -0.8576396260867218 -0.07383551811920733 -1.7002339293442874 0.2200446716399184 1.4863842905233928
DSC07842.jpg 0.5531094888333098 0.10788735934441876 -0.7611802267122617 -0.2525800909979943 -1.5390040212660587 -1.4336109225553426 1.7032218868286075
DSC07851.jpg 0.9266898963519004 -0.03607050146121788 0.3429889073439308 0.06057694640389275 0.9755495003205155 0.3295851442315414 2.3181887363321656
