DSC07720.jpg 0.9762249740600777 -0.1534108610891677 -0.18718910851338063 0.007059935964931307 2.5907565133059984 0.48264145640004747 3.6514796166537115
DSC07739.jpg 0.7788259191136571 0.14347478027817284 0.5749925036859797 0.19722299834632692 2.0888427391300897 0.9169532533026303 -1.8194041949576418
DSC07752.jpg 0.9937999509537099 -0.014695827006030087 -0.07059984998713787 -0.004667698156166888 -3.578466862217908 0.38914633517194707 -1.3804180734474222
DSC07760.jpg 0.7454122311518248 0.05226572363476292 0.6603740024252148 0.03348576737452405 -0.8978697966299966 -0.9003631908413356 6.054564311024461
DSC07775.jpg 0.9932555994441359 -0.02839744587601458 -0.019451191860542852 0.024201517076108835 2.673186424962324 -0.6956388256013937 1.6549527349205992
DSC07789.jpg -0.3680699379249495 -0.002979988260025815 0.9235773452699936 0.07373905450235325 -0.49382624432316547 -0.2636080382652124 2.1245933218063117
DSC07798.jpg 0.025545266651481628 -0.012161438911015637 0.9973525129456052 0.07032880310595823 0.5043451916292924 -0.6324686943343522 1.5406390827470455
DSC07809.jpg -0.2971663567798784 0.018207029472668967 0.9575558523628178 0.016308805908640183 0.2692093624999722 0.38779668553086776 1.6414716753133488
DSC07817.jpg -0.18841961457152117 0.001768837512435186 0.9789277654328349 0.08343311528922649 -0.4374422678258052 0.7830592914537605 2.915415806941628
DSC07825.jpg 0.5016176340566534 -0.04538554425378572 -0.8536396260867218 -0.07383551811920733 -1.700233929344287 0.2270446716399184 1.484384290523393
DSC07842.jpg 0.5891094888333097 0.10888735934441876 -0.7651802267122617 -0.2615800909979943 -1.635004021266059 -1.4336109225553424 1.8092218868286076
DSC07851.jpg 0.9326898963519004 -0.03707050146121788 0.3459889073439308 0.064576946403892745 0.9755495003205156 0.32558514423154134 2.3111887363321656
