DSC06867.jpg 0.7521760867652107 0.06321645374670877 -0.6491438883229165 0.09405863451735823 3.1945173366577646 0.9970236392399053 1.3833266573401222
DSC06880.jpg 0.5875043502476935 0.08613538793887951 -0.8039504995574912 0.03290786601885317 3.137947683419329 -0.5440424441208673 0.5507188238638978
DSC06897.jpg -0.4173860153730905 0.0034747778018296947 0.8834085462073352 -0.2129933815357761 3.704365456426792 0.13206034450798504 -0.8409359715267353
DSC06913.jpg -0.3330234977059158 -0.01767212901433599 0.9186556034477563 -0.10252055860448492 3.381581341564653 0.204119070434464 -2.5690137432514097
DSC06932.jpg 0.8714205785457024 0.14227915741527547 0.46904253857320327 -0.019542611419083984 -3.1456703473786347 -1.5757117028824754 2.0019403368629463
DSC06948.jpg 0.6745791534507961 0.13836018127028513 0.7246473689753035 0.026184281652018977 -1.776288820607519 0.08900368178129897 -0.7220160787304397
DSC06966.jpg 0.5946542400228941 -0.08373637974132253 -0.7706462722619651 0.22905537301041007 -0.169846853849399 1.2778005298059554 1.2037028744120248
DSC06982.jpg 0.9025653272538824 0.10966858348774354 -0.42671001461796143 -0.024172329476956085 2.408605539157096 -2.1609996073119717 0.4002294902949729
DSC06994.jpg 0.8069732393317188 0.11977226974195161 0.5771060155597987 -0.03738236493357453 1.397795725690588 0.15705942853210605 1.3319594077149886
DSC07005.jpg 0.9152981697532933 0.06289172380851224 -0.3959160407200921 0.03904331214422912 -1.7458895153835956 1.1648026180927855 1.4793650323292709
DSC07016.jpg 0.9545884155777087 0.15300444848214284 -0.25557633794841117 -0.005597416403554462 -0.548075878304874 -1.479237345499734 1.1449763467068994
DSC07024.jpg 0.9001767661504608 0.046504502432809194 -0.430552135836757 0.046303123682770224 -3.058225293810471 0.9746351535268803 3.9053757270114717
DSC07032.jpg 0.947019188120951 0.15677852988290544 0.04271317316493263 -0.021977610374981145 2.437223639139203 -1.6729124283927697 3.4829790071439257
