DSC06867.jpg 0.7321760867652107 0.07321645374670877 -0.6391438883229165 0.04405863451735824 3.9945173366577653 0.49702363923990533 1.183326657340122
DSC06880.jpg 0.5775043502476935 0.07613538793887951 -0.8439504995574912 0.04290786601885317 3.83794768341933 -0.44404244412086735 0.2507188238638979
DSC06897.jpg -0.4073860153730905 0.0534747778018297 0.8634085462073352 -0.2029933815357761 3.704365456426792 0.33206034450798505 -0.9409359715267352
DSC06913.jpg -0.3330234977059158 -0.01767212901433599 0.9286556034477563 -0.12252055860448491 3.6815813415646534 0.104119070434464 -2.86901374325141
DSC06932.jpg 0.8314205785457024 0.13227915741527546 0.43904253857320324 -0.07954261141908399 -3.245670347378635 -1.4757117028824753 2.0019403368629463
DSC06948.jpg 0.6745791534507961 0.15836018127028514 0.7146473689753035 0.03618428165201898 -1.3762888206075186 0.38900368178129896 -0.6220160787304397
DSC06966.jpg 0.5646542400228941 -0.05373637974132254 -0.7306462722619651 0.2690553730104101 -0.16984685384939896 1.4778005298059556 1.9037028744120255
DSC06982.jpg 0.8625653272538824 0.10966858348774354 -0.43671001461796144 -0.02417232947695609 2.408605539157096 -2.360999607311972 0.8002294902949728
DSC06994.jpg 0.8269732393317188 0.13977226974195162 0.5871060155597987 -0.08738236493357453 1.397795725690588 0.25705942853210606 1.4319594077149886
DSC07005.jpg 0.9452981697532933 0.07289172380851223 -0.3759160407200921 0.03904331214422912 -1.7458895153835956 1.2648026180927856 1.8793650323292712
DSC07016.jpg 0.9745884155777087 0.14300444848214283 -0.2655763379484112 -0.005597416403554462 -0.24807587830487407 -1.5792373454997342 1.1449763467068994
DSC07024.jpg 0.9801767661504609 0.02650450243280919 -0.450552135836757 0.03630312368277022 -3.7582252938104714 0.3746351535268805 3.5053757270114714
DSC07032.jpg 0.907019188120951 0.11677852988290542 0.05271317316493263 -0.07197761037498115 2.737223639139203 -1.4729124283927695 3.1829790071439255
