DSC06867.jpg 0.7321760867652107 0.09321645374670876 -0.6391438883229165 0.04405863451735824 3.9945173366577655 0.3970236392399053 1.183326657340122
DSC06880.jpg 0.5775043502476935 0.07613538793887952 -0.8439504995574912 0.08290786601885317 3.83794768341933 -0.3440424441208674 0.2507188238638979
DSC06897.jpg -0.4073860153730905 0.0534747778018297043 0.8234085462073352 -0.2029933815357761 3.704365456426792 0.33206034450798504 -0.9409359715267352
DSC06913.jpg -0.3330234977059158 -0.01767212901433599 0.9786556034477564 -0.12252055860448491 3.6815813415646533 0.30411907043446399 -2.86901374325141
DSC06932.jpg 0.8314205785457024 0.13227915741527547 0.4090425385732032 -0.08954261141908399 -3.245670347378635 -1.4757117028824754 2.0019403368629463
DSC06948.jpg 0.6645791534507961 0.15836018127028515 0.7146473689753035 0.036184281652018977 -1.2762888206075185 0.78900368178129883 -0.6220160787304397
DSC06966.jpg 0.5646542400228941 -0.05373637974132254 -0.7306462722619651 0.29905537301041013 -0.16984685384939896 1.4778005298059556 1.9037028744120255
DSC06982.jpg 0.8625653272538823 0.11966858348774354 -0.42671001461796144 -0.02417232947695609 2.408605539157096 -2.660999607311972 0.8002294902949728
DSC06994.jpg 0.8269732393317188 0.16977226974195163 0.5971060155597987 -0.08738236493357453 1.397795725690588 0.25705942853210608 1.4319594077149886
DSC07005.jpg 0.9452981697532933 0.08289172380851223 -0.3559160407200921 0.05904331214422912 -1.7458895153835956 1.2648026180927857 1.8793650323292713
DSC07016.jpg 0.9745884155777087 0.14300444848214284 -0.26557633794841117 -0.0255974164035544624 -0.3480758783048741 -1.9792373454997345 1.2449763467068996
DSC07024.jpg 0.9801767661504609 0.02650450243280919 -0.450552135836757 0.01630312368277022 -3.7582252938104713 0.2746351535268805 3.5053757270114713
DSC07032.jpg 0.9070191881209509 0.11677852988290542 0.052713173164932635 -0.091977610374981138 2.7372236391392033 -1.2729124283927693 3.1829790071439254
