DSC06867.jpg 0.7521760867652107 0.06321645374670876 -0.6491538883229164 0.09407863451735823 3.1945173366577655 0.9970236392399053 1.383326657340122
DSC06880.jpg 0.5874743502476937 0.08613538793887952 -0.8039504995574912 0.03290786601885317 3.13794768341933 -0.5440424441208674 0.5507188238638979
DSC06897.jpg -0.4173860153730905 0.0034747778018297043 0.8834085462073352 -0.21302338153577613 3.704365456426792 0.13206034450798504 -0.8409359715267352
DSC06913.jpg -0.3530234977059158 -0.01767212901433599 0.9286556034477564 -0.11252055860448491 3.4815813415646533 0.10381907043446398 -2.76901374325141
DSC06932.jpg 0.8714205785457024 0.1423091574152755 0.4690425385732032 -0.01954261141908399 -3.145670347378635 -1.5757117028824754 2.0019403368629463
DSC06948.jpg 0.6745791534507961 0.13836018127028515 0.7246573689753034 0.026204281652018976 -1.7762888206075185 0.08900368178129883 -0.7220160787304397
DSC06966.jpg 0.5946542400228941 -0.09373637974132254 -0.7706462722619651 0.20908537301041016 -0.16984685384939896 1.4778005298059556 1.4037028744120255
DSC06982.jpg 0.8925653272538823 0.10969858348774353 -0.43671001461796144 -0.02417232947695609 2.608605539157096 -2.160999607311972 0.4002294902949728
DSC06994.jpg 0.8069732393317188 0.11977226974195163 0.5770760155597988 -0.03738236493357453 1.397795725690588 0.15705942853210608 1.3319594077149886
DSC07005.jpg 0.9152981697532933 0.06286172380851224 -0.3959160407200921 0.03904331214422912 -1.7458895153835956 1.1648026180927857 1.4793650323292713
DSC07016.jpg 0.9545884155777087 0.15303444848214287 -0.25557633794841117 -0.0055974164035544624 -0.5480758783048741 -1.4792373454997345 1.1449763467068996
DSC07024.jpg 0.9001767661504609 0.04650450243280919 -0.430552135836757 0.04630312368277022 -3.0582252938104713 0.9746351535268805 3.9050757270114707
DSC07032.jpg 0.9870191881209509 0.15677852988290542 0.032713173164932635 -0.011977610374981138 2.5372236391392033 -1.5729124283927693 3.5826790071439247
