DSC06867.jpg 0.7921760867652107 0.02321645374670876 -0.6191438883229165 0.00405863451735824 3.1645173366577655 0.9770236392399053 1.303326657340122
DSC06880.jpg 0.5975043502476935 0.06613538793887952 -0.8839504995574912 0.09290786601885317 3.19794768341933 -0.5240424441208674 0.5407188238638979
DSC06897.jpg -0.4973860153730905 0.0234747778018297043 0.8634085462073352 -0.2729933815357761 3.784365456426792 0.15206034450798504 -0.8709359715267352
DSC06913.jpg -0.3730234977059158 -0.04767212901433599 0.9486556034477564 -0.19252055860448491 3.4515813415646533 0.17411907043446399 -2.77901374325141
DSC06932.jpg 0.8414205785457024 0.14227915741527547 0.4690425385732032 -0.00954261141908399 -3.135670347378635 -1.5257117028824754 2.0819403368629463
DSC06948.jpg 0.6545791534507961 0.11836018127028515 0.7746473689753035 0.026184281652018977 -1.7762888206075185 0.05900368178129883 -0.7920160787304397
DSC06966.jpg 0.5446542400228941 -0.04373637974132254 -0.7906462722619651 0.24905537301041013 -0.15984685384939896 1.4878005298059556 1.4937028744120255
DSC06982.jpg 0.8225653272538823 0.13966858348774354 -0.41671001461796144 -0.02417232947695609 2.668605539157096 -2.150999607311972 0.4602294902949728
DSC06994.jpg 0.8969732393317188 0.18977226974195163 0.5671060155597987 -0.04738236493357453 1.377795725690588 0.12705942853210608 1.3519594077149886
DSC07005.jpg 0.9052981697532933 0.05289172380851223 -0.3059160407200921 0.09904331214422912 -1.7658895153835956 1.1248026180927857 1.4393650323292713
DSC07016.jpg 0.9245884155777087 0.10300444848214284 -0.26557633794841117 -0.0655974164035544624 -0.5780758783048741 -1.4992373454997345 1.1949763467068996
DSC07024.jpg 0.9801767661504609 0.06650450243280919 -0.480552135836757 0.07630312368277022 -3.0682252938104713 0.9146351535268805 3.9353757270114713
DSC07032.jpg 0.9170191881209509 0.13677852988290542 0.032713173164932635 -0.001977610374981138 2.5972236391392033 -1.5929124283927693 3.5629790071439254
