DSC06867.jpg 0.7321760867652107 0.07321645374670877 -0.6491438883229165 0.04405863451735824 3.9945173366577653 0.3970236392399053 1.183326657340122
DSC06880.jpg 0.5775043502476935 0.08613538793887951 -0.8439504995574912 0.06290786601885318 3.83794768341933 -0.3440424441208674 0.2507188238638979
DSC06897.jpg -0.4073860153730905 0.0534747778018297 0.7934085462073351 -0.2029933815357761 3.704365456426792 0.33206034450798505 -0.9409359715267352
DSC06913.jpg -0.3330234977059158 -0.01767212901433599 0.9486556034477563 -0.12252055860448491 3.6815813415646534 0.304119070434464 -2.86901374325141
DSC06932.jpg 0.8314205785457024 0.13227915741527546 0.43904253857320324 -0.08954261141908398 -3.245670347378635 -1.4757117028824753 2.0019403368629463
DSC06948.jpg 0.6645791534507961 0.15836018127028514 0.7146473689753035 0.03618428165201898 -1.2762888206075185 0.48900368178129894 -0.6220160787304397
DSC06966.jpg 0.5646542400228941 -0.05373637974132254 -0.7306462722619651 0.29905537301041013 -0.16984685384939896 1.4778005298059556 1.6037028744120252
DSC06982.jpg 0.8625653272538824 0.08966858348774355 -0.42671001461796143 -0.02417232947695609 2.408605539157096 -2.660999607311972 0.8002294902949728
DSC06994.jpg 0.8269732393317188 0.15977226974195163 0.5871060155597987 -0.07738236493357453 1.397795725690588 0.25705942853210606 1.4319594077149886
DSC07005.jpg 0.9452981697532933 0.08289172380851223 -0.3559160407200921 0.05904331214422912 -1.7458895153835956 1.4648026180927858 1.9793650323292713
DSC07016.jpg 0.9745884155777087 0.13300444848214282 -0.2655763379484112 -0.015597416403554462 -0.3480758783048741 -1.8792373454997344 1.2449763467068995
DSC07024.jpg 0.9801767661504609 0.02650450243280919 -0.430552135836757 0.02630312368277022 -3.7582252938104714 0.2746351535268805 3.5053757270114714
DSC07032.jpg 0.907019188120951 0.11677852988290542 0.04271317316493263 -0.07197761037498115 2.737223639139203 -1.2729124283927693 3.1829790071439255
