DSC06867.jpg 0.752499 0.062446 -0.648900 0.093672 3.193697 0.990128 1.379099
DSC06880.jpg -0.587704 -0.085174 0.803933 -0.032276 3.135425 -0.546860 0.555248
DSC06897.jpg -0.417273 0.004180 0.883699 -0.211994 3.701807 0.132710 -0.837327
DSC06913.jpg -0.354375 -0.018184 0.928172 -0.112182 3.475563 0.104170 -2.765060
DSC06932.jpg 0.871215 0.140010 0.470061 -0.020602 -3.143637 -1.575585 2.008477
DSC06948.jpg 0.674415 0.135300 0.725360 0.026664 -1.776470 0.079936 -0.726337
DSC06966.jpg -0.594822 0.094228 0.770725 -0.208065 -0.161374 1.482242 1.406707
DSC06982.jpg 0.894170 0.109302 -0.433560 -0.023211 2.600518 -2.159684 0.407091
DSC06994.jpg 0.806983 0.117331 0.577646 -0.036561 1.399467 0.161387 1.337168
DSC07005.jpg 0.916021 0.062605 -0.394377 0.038123 -1.745058 1.174367 1.473059
DSC07016.jpg 0.954852 0.152532 -0.254864 -0.005979 -0.541864 -1.469908 1.146013
DSC07024.jpg 0.900670 0.045786 -0.429678 0.045547 -3.051348 0.978294 3.903828
DSC07032.jpg 0.987226 0.155367 0.032853 -0.012934 2.544427 -1.570147 3.587900
