DSC06867.jpg 0.7581760867652107 0.06021645374670876 -0.6491438883229165 0.09805863451735824 3.1955173366577655 0.9950236392399053 1.380326657340122
DSC06880.jpg 0.5855043502476935 0.08013538793887952 -0.8039504995574912 0.03090786601885317 3.13894768341933 -0.5430424441208674 0.5557188238638979
DSC06897.jpg -0.4103860153730905 0.0074747778018297043 0.8824085462073352 -0.2129933815357761 3.705365456426792 0.13406034450798504 -0.8409359715267352
DSC06913.jpg -0.3580234977059158 -0.01667212901433599 0.9256556034477564 -0.11352055860448491 3.4815813415646533 0.10711907043446399 -2.76601374325141
DSC06932.jpg 0.8774205785457024 0.14027915741527547 0.4660425385732032 -0.01854261141908399 -3.148670347378635 -1.5757117028824754 2.0069403368629463
DSC06948.jpg 0.6705791534507961 0.13636018127028515 0.7266473689753035 0.022184281652018977 -1.7752888206075185 0.08400368178129883 -0.7280160787304397
DSC06966.jpg 0.5956542400228941 -0.09573637974132254 -0.7756462722619651 0.20305537301041013 -0.16684685384939896 1.4798005298059556 1.4087028744120255
DSC06982.jpg 0.8965653272538823 0.10966858348774354 -0.43071001461796144 -0.02017232947695609 2.608605539157096 -2.164999607311972 0.4052294902949728
DSC06994.jpg 0.8079732393317188 0.11277226974195163 0.5751060155597987 -0.03438236493357453 1.396795725690588 0.15905942853210608 1.3389594077149886
DSC07005.jpg 0.9122981697532933 0.06289172380851223 -0.3919160407200921 0.03404331214422912 -1.7408895153835956 1.1698026180927857 1.4723650323292713
DSC07016.jpg 0.9525884155777087 0.15400444848214284 -0.25757633794841117 -0.0045974164035544624 -0.5450758783048741 -1.4752373454997345 1.1469763467068996
DSC07024.jpg 0.9021767661504609 0.04550450243280919 -0.435552135836757 0.04230312368277022 -3.0572252938104713 0.9766351535268805 3.9083757270114713
DSC07032.jpg 0.9860191881209509 0.15977852988290542 0.031713173164932635 -0.015977610374981138 2.5372236391392033 -1.5769124283927693 3.5879790071439254
