DSC06867.jpg 0.8021760867652107 0.06321645374670876 -0.6391438883229165 0.08405863451735823 3.004517336657769 1.0570236392399053 1.273326657340122
DSC06880.jpg 0.5875043502476935 0.08613538793887951 -0.8039504995574911 0.032907866018853184 3.1379476834193314 -0.5440424441208674 0.5507188238638979
DSC06897.jpg -0.4473860153730905 0.003474777801829705 0.8934085462073352 -0.21299338153577607 3.734365456426793 0.09206034450798503 -1.0809359715267353
DSC06913.jpg -0.3630234977059158 -0.03767212901433599 0.9286556034477563 -0.12252055860448487 3.431581341564654 0.16411907043446397 -2.879013743251408
DSC06932.jpg 0.8514205785457024 0.14227915741527547 0.4790425385732032 -0.01954261141908399 -3.215670347378633 -1.5657117028824754 2.0219403368629476
DSC06948.jpg 0.6745791534507961 0.13836018127028515 0.7246473689753035 0.026184281652018977 -1.7762888206075185 0.08900368178129882 -0.7320160787304396
DSC06966.jpg 0.5846542400228941 -0.09373637974132253 -0.7606462722619651 0.1990553730104101 -0.3098468538493991 1.4778005298059556 1.3137028744120254
DSC06982.jpg 0.8325653272538823 0.10966858348774355 -0.45671001461796146 -0.02417232947695609 2.628605539157097 -2.150999607311972 0.5102294902949728
DSC06994.jpg 0.8369732393317187 0.11977226974195158 0.5671060155597987 -0.03738236493357453 1.557795725690588 0.1070594285321061 1.2919594077149885
DSC07005.jpg 0.9652981697532933 0.052891723808512224 -0.38591604072009217 0.049043312144229134 -1.7758895153835956 1.0148026180927856 1.4793650323292713
DSC07016.jpg 0.9245884155777087 0.15300444848214284 -0.2655763379484112 -0.005597416403554451 -0.46807587830487396 -1.4992373454997345 1.1449763467068996
DSC07024.jpg 0.9301767661504609 0.04650450243280918 -0.42055213583675694 0.04630312368277022 -3.1682252938104694 0.9546351535268806 3.935375727011471
DSC07032.jpg 0.9370191881209509 0.16677852988290545 0.032713173164932635 -0.011977610374981138 2.5572236391392043 -1.5429124283927693 3.572979007143925
