DSC06867.jpg 0.7521760867652107 0.06321645374670876 -0.6481438883229165 0.09405863451735824 3.164517336657769 0.9970236392399053 1.381326657340122
DSC06880.jpg 0.5865043502476935 0.08613538793887952 -0.8039504995574912 0.03290786601885317 3.1349476834193304 -0.5440424441208674 0.5497188238638979
DSC06897.jpg -0.4173860153730905 0.0034747778018297043 0.8834085462073352 -0.2129933815357761 3.7023654564267923 0.13306034450798504 -0.8369359715267352
DSC06913.jpg -0.3530234977059158 -0.018672129014335993 0.9286556034477564 -0.11252055860448491 3.4795813415646535 0.10911907043446399 -2.7710137432514093
DSC06932.jpg 0.8784205785457024 0.14227915741527547 0.4670425385732032 -0.01854261141908399 -3.1416703473786356 -1.5737117028824756 2.000940336862947
DSC06948.jpg 0.6715791534507961 0.13836018127028515 0.7246473689753035 0.02518428165201898 -1.775288820607519 0.08000368178129882 -0.7210160787304397
DSC06966.jpg 0.5926542400228941 -0.09373637974132254 -0.7706462722619651 0.20905537301041013 -0.16484685384939896 1.474800529805956 1.3907028744120276
DSC06982.jpg 0.8945653272538823 0.10966858348774354 -0.43571001461796144 -0.025172329476956093 2.5976055391570974 -2.1599996073119727 0.4032294902949728
DSC06994.jpg 0.8049732393317188 0.11977226974195164 0.5771060155597987 -0.03738236493357453 1.4027957256905874 0.15705942853210608 1.3299594077149897
DSC07005.jpg 0.9122981697532933 0.06289172380851223 -0.3969160407200921 0.039043312144229125 -1.7358895153835963 1.165802618092786 1.4783650323292707
DSC07016.jpg 0.9505884155777087 0.15400444848214284 -0.25657633794841117 -0.0055974164035544624 -0.5420758783048741 -1.4722373454997348 1.1369763467069007
DSC07024.jpg 0.8991767661504609 0.04650450243280919 -0.430552135836757 0.046303123682770224 -3.060225293810471 0.9756351535268805 3.8973757270114726
DSC07032.jpg 0.9890191881209509 0.15677852988290542 0.032713173164932635 -0.011977610374981136 2.5342236391392037 -1.5729124283927698 3.5699790071439272
