IMG_6292.jpg 0.644447878946935 -0.6065264862260215 0.33490853935416814 -0.34262532959265957 3.22459765028102 0.18815531129242688 1.7303741907922914
IMG_6301.jpg 0.7490015928748088 -0.47841382710822844 0.4961968201608062 -0.1218872949502565 3.4279021856323615 -1.1253468131285884 -1.0889413824330867
IMG_6313.jpg 0.8435008743515254 -0.2264170295017679 -0.3259742998885492 -0.6463412853554314 1.7326632435516063 0.6811318473160275 5.360595158273528
IMG_6322.jpg -0.3240002529694252 -0.33664688656610997 0.6339525738204987 0.6335799473097887 -3.3410645009893094 0.8706213875644527 1.2809053008317992
IMG_6332.jpg -0.34239770024413707 -0.32793652757895714 0.5881027213866616 0.6627332087487248 0.5886605746477181 -0.14448528643592112 0.9875603767822737
IMG_6340.jpg -0.34503497595432786 -0.3261866835558483 0.634164429972714 0.6156161849464792 4.3618580161130955 0.13982394135128057 1.387594576260168
IMG_6349.jpg 0.14833826477893172 -0.6643721410898479 0.6990244494463369 0.2190210867069954 1.7002861317740545 0.5903421294897 4.6479352391316775
IMG_6358.jpg 0.6522112729059444 -0.5861176141934912 0.36400015331425567 -0.3139912199628134 -1.9681274826149484 -0.10315632122757944 1.6368181903665084
IMG_6366.jpg 0.5711116092179417 -0.6791943249369299 0.3162362364255536 -0.33544186018051375 0.38243570076723643 0.6185366896727091 0.6232513573394455
IMG_6374.jpg 0.8065828361630465 -0.3672105851931106 0.4055437636677036 -0.2238632847957489 2.973822259242645 -0.9027269674901385 0.797577515129825
IMG_6382.jpg 0.7138598521299803 -0.056835501485188906 -0.08149491621694385 -0.6910613630963903 -0.9091291650295652 -0.1453916640067368 -0.7666317519801753
IMG_6392.jpg 0.5283951137525891 -0.6545480545042534 -0.06360852308436449 -0.5774911184664473 3.2529482674517016 0.9608913246131374 2.909060991511541
IMG_6401.jpg -0.03819984322009564 -0.5708248370963565 0.7211758622146315 0.43837560466011455 -0.5414416659584348 -0.6432362658844859 -0.33259958767667824
IMG_6410.jpg -0.031603732713458337 -0.6791089570763652 0.7332282079784838 -0.013734027882944694 -0.352579265892196 -0.882222381682145 -0.0273216106844876
IMG_6421.jpg 0.6537054285565073 -0.482384860972619 -0.04998947447854035 -0.5809260805141556 0.3396279503196876 -0.6819373258265402 0.6484867893353057
IMG_6434.jpg -0.37392799716724445 -0.3178929648918829 0.6991835880234748 0.5642871393015793 3.0755945247726215 0.09938131568502917 0.5832831081415598
IMG_6442.jpg -0.38742550257697383 -0.24413274903155469 0.7945862838279144 0.3819939967545897 2.792025278252038 -0.4068833897606866 0.6551386018832367
IMG_6450.jpg -0.04253045400589177 -0.5321118376541601 0.49470720518493727 0.6893541228836819 2.9539875756941956 -0.5373579413361015 1.9207238452804267
IMG_6459.jpg 0.1677030993825718 -0.6513207913273252 0.6945862658725777 0.279836074270047 -0.937358490286717 0.6187161333196762 -4.646007462098789
IMG_6471.jpg 0.7410983374951247 -0.33432433263465566 0.09709967788675188 -0.5740837459157362 2.924228883004539 -0.313692574754011 3.643500630932721
IMG_6483.jpg 0.7209457805548724 -0.4215743388265167 -0.04259472311945156 0.44951892562526563 2.233355451614979 -3.760196293690107 -1.2860052161425934
IMG_6491.jpg 0.6366457171220965 0.7161273818692893 -0.12285228736165414 -0.264875432323703 -0.13770644482378014 5.346728066104547 0.874284869408937
IMG_6500.jpg 0.5453021479093224 0.7989445985753245 -0.10424355850577514 -0.2731100692885 -0.4020412359434584 -4.853153699518414 -3.0245340314031295
IMG_6508.jpg 0.8576879697905615 -0.4474038546485342 -0.16750510668679225 0.1901135885622732 0.2949756189760061 4.224907547201583 2.9854717310805006
IMG_6516.jpg 0.9050243962449205 0.371847641611224 -0.28439212797954605 -0.10736025062731488 0.3317618555391433 1.7929567503265478 -1.0959501382156869
IMG_6525.jpg 0.9587353923634635 0.30843763702528526 -0.16053158841326962 -0.1595652065313462 -0.30669003424785735 3.6085490338052675 -1.4574895897487592
IMG_6534.jpg 0.39758256832463534 0.7914963747837354 0.022541741318421585 -0.42867613333666266 0.4687023734754945 3.794558707991978 2.3694284464983757
IMG_6543.jpg -0.3234585400321977 0.8107560742705967 0.022371726162147436 -0.41530776738965564 0.4116757559502817 -2.164891694888099 1.4403854577487254
IMG_6552.jpg -0.36545713205797004 0.6009718458374498 -0.5834408170290861 -0.40604277873534983 0.287404212235988 -2.5121859961019917 4.077133424980669
IMG_6560.jpg -0.4473603581888094 0.7157454920099788 -0.5188879469396973 0.1353971901823654 -2.48194359447161 0.6151688170960155 4.722529981946315
IMG_6569.jpg 0.5302123063878282 0.09585674087349208 -0.5254848797581009 -0.658446684652316 -3.925654332593277 0.8747134669100729 5.093470464837138
IMG_6578.jpg 0.7659301559767666 -0.4423489800565896 0.47557411618095713 -0.060422537714078 3.3526000326560363 0.5902362811939161 0.6950205666759905
IMG_6589.jpg 0.7309442869158627 -0.4508403804807471 0.3679222223602261 -0.2346015227830407 -4.792760283733782 -0.6408720456594944 1.944524475696038
