IMG_6292.jpg 0.684447878946935 -0.6365264862260215 0.36490853935416815 -0.30262532959265956 3.1145976502810198 0.1081553112924268 1.6803741907922915
IMG_6301.jpg 0.8990015928748089 -0.39841382710822836 0.43619682016080615 -0.1818872949502565 3.917902185632361 -1.1253468131285884 0.5410586175669133
IMG_6313.jpg 0.6835008743515253 -0.22641702950176795 -0.23597429988854917 -0.6263412853554315 1.3526632435516064 0.7611318473160275 5.470595158273527
IMG_6322.jpg -0.3840002529694252 -0.32664688656611 0.6239525738204988 0.5735799473097887 -3.2610645009893098 0.49062138756445276 1.2409053008317997
IMG_6332.jpg -0.3523977002441371 -0.32793652757895715 0.5581027213866616 0.6227332087487248 0.5686605746477181 -0.02448528643592106 0.9375603767822738
IMG_6340.jpg -0.3450349759543279 -0.3561866835558483 0.604164429972714 0.6156161849464792 4.201858016113096 0.14982394135128048 1.2775945762601682
IMG_6349.jpg 0.16833826477893172 -0.6443721410898479 0.6390244494463369 0.23902108670699544 1.7402861317740539 0.5003421294896999 4.687935239131676
IMG_6358.jpg 0.6922112729059444 -0.5261176141934911 0.3040001533142556 -0.38399121996281343 -1.9081274826149482 -0.18315632122757944 1.6968181903665082
IMG_6366.jpg 0.5911116092179416 -0.6891943249369298 0.34623623642555365 -0.33544186018051375 0.3324357007672363 0.6185366896727091 0.6432513573394455
IMG_6374.jpg 0.8365828361630465 -0.3072105851931106 0.4255437636677036 -0.21386328479574896 2.913822259242645 -0.9727269674901384 0.717577515129825
IMG_6382.jpg 0.7938598521299803 -0.0368355014851889 -0.02149491621694385 -0.6810613630963903 -0.9491291650295652 -0.2953916640067368 -0.7966317519801753
IMG_6392.jpg 0.5383951137525891 -0.6345480545042533 -0.01360852308436449 -0.5074911184664473 3.1529482674517015 0.9508913246131375 2.969060991511541
IMG_6401.jpg -0.02819984322009564 -0.5208248370963565 0.7511758622146315 0.4283756046601146 -0.4314416659584348 -0.7132362658844859 -0.32259958767667824
IMG_6410.jpg -0.051603732713458337 -0.6191089570763652 0.7332282079784838 -0.093734027882944689 -0.372579265892196 -0.872222381682145 -0.00732161068448759
IMG_6421.jpg 0.6937054285565072 -0.432384860972619 -0.05998947447854035 -0.5109260805141556 0.3196279503196876 -0.6819373258265401 0.6384867893353057
IMG_6434.jpg -0.3539279971672444 -0.3578929648918829 0.6191835880234747 0.5142871393015793 3.015594524772622 -0.0406186843149707555 0.6932831081415598
IMG_6442.jpg -0.30742550257697377 -0.24413274903155475 0.7345862838279144 0.43199399675458974 2.8820252782520373 -0.33688338976068663 0.7751386018832367
IMG_6450.jpg -0.00253045400589177 -0.5421118376541602 0.42470720518493727 0.6693541228836819 2.8139875756941955 -0.5373579413361015 1.7507238452804265
IMG_6459.jpg 0.12770309938257176 -0.6013207913273252 0.6445862658725776 0.23983607427004698 -0.45735849028671697 0.4787161333196762 -4.46600746209879
IMG_6471.jpg 0.7310983374951247 -0.36432433263465566 0.00709967788675189 -0.5440837459157362 2.9142288830045386 -0.353692574754011 3.6235006309327216
IMG_6483.jpg 0.7409457805548724 -0.4615743388265167 0.07740527688054844 0.5595189256252658 1.9533554516149787 -4.660196293690106 -0.5560052161425933
IMG_6491.jpg 0.6866457171220965 0.7661273818692893 -0.16285228736165414 -0.244875432323703 -0.18770644482378014 5.336728066104548 0.914284869408937
IMG_6500.jpg 0.5553021479093224 0.7089445985753244 -0.11424355850577512 -0.2831100692885 -0.5620412359434584 -4.723153699518415 -2.8645340314031284
IMG_6508.jpg 0.8976879697905615 -0.4974038546485342 -0.18750510668679225 0.17011358856227317 0.28497561897600616 4.214907547201581 2.9254717310805
IMG_6516.jpg 0.8850243962449204 0.4518476416112241 -0.204392127979546 -0.15736025062731495 -0.25823814446085675 1.052956750326548 -0.7759501382156869
IMG_6525.jpg 0.9287353923634635 0.3884376370252853 -0.13053158841326962 -0.14956520653134619 -0.3066900342478573 3.6485490338052675 -1.3374895897487593
IMG_6534.jpg 0.3975825683246353 0.8414963747837354 -0.06745825868157843 -0.4986761333366627 0.6087023734754945 3.9545587079919775 2.569428446498376
IMG_6543.jpg -0.3034585400321977 0.8607560742705967 0.042371726162147445 -0.42530776738965564 0.5816757559502817 -2.4048916948880992 1.6503854577487251
IMG_6552.jpg -0.32545713205797 0.6109718458374498 -0.5834408170290861 -0.4560427787353499 0.25740421223598794 -2.5821859961019917 4.017133424980668
IMG_6560.jpg -0.4973603581888094 0.7557454920099788 -0.5588879469396973 0.10539719018236543 -2.41194359447161 0.6351688170960155 4.752529981946315
IMG_6569.jpg 0.5002123063878282 0.01585674087349208 -0.5654848797581009 -0.6184466846523161 -3.9956543325932767 0.844713466910073 5.073470464837135
IMG_6578.jpg 0.7359301559767666 -0.45234898005658964 0.4355741161809571 -0.090422537714077997 3.282600032656037 0.47023628119391616 0.5150205666759905
IMG_6589.jpg 0.7009442869158627 -0.45084038048074705 0.3079222223602261 -0.22460152278304069 -4.962760283733783 -0.8608720456594945 2.1845244756960387
