IMG_6292.jpg 0.634447878946935 -0.6565264862260215 0.34490853935416815 -0.32262532959265955 3.32459765028102 0.5881553112924268 2.1303741907922915
IMG_6301.jpg 0.8590015928748089 -0.39841382710822837 0.47619682016080617 -0.1318872949502565 3.127902185632361 -1.5253468131285888 0.0110586175669133
IMG_6313.jpg 0.6535008743515253 -0.2564170295017679 -0.3159742998885492 -0.6563412853554315 1.9326632435516065 0.6811318473160275 5.460595158273527
IMG_6322.jpg -0.3340002529694252 -0.38664688656611 0.6739525738204988 0.5835799473097887 -3.5410645009893096 0.9706213875644527 1.7809053008317997
IMG_6332.jpg -0.3623977002441371 -0.3079365275789571 0.5981027213866617 0.6427332087487247 0.5886605746477181 -0.6444852864359211 0.3875603767822738
IMG_6340.jpg -0.3650349759543279 -0.3661866835558483 0.604164429972714 0.6256161849464792 4.461858016113095 0.9398239413512804 1.5875945762601682
IMG_6349.jpg 0.1383382647789317 -0.6843721410898479 0.6390244494463369 0.24902108670699544 1.3002861317740542 0.9903421294896999 4.947935239131676
IMG_6358.jpg 0.6622112729059444 -0.5161176141934911 0.3040001533142556 -0.3739912199628134 -1.6681274826149481 0.1968436787724206 1.3368181903665082
IMG_6366.jpg 0.5111116092179416 -0.6391943249369298 0.35623623642555363 -0.33544186018051375 0.4824357007672364 0.7185366896727091 0.7232513573394455
IMG_6374.jpg 0.8665828361630465 -0.3472105851931106 0.3955437636677036 -0.28386328479574896 3.073822259242645 -0.8027269674901384 0.597577515129825
IMG_6382.jpg 0.7038598521299803 -0.0268355014851889 -0.061494916216943855 -0.6410613630963903 -0.8091291650295652 -0.3453916640067368 -0.8666317519801753
IMG_6392.jpg 0.5583951137525891 -0.6345480545042533 -0.00360852308436449 -0.5774911184664473 3.2529482674517016 0.5608913246131375 2.709060991511541
IMG_6401.jpg -0.03819984322009564 -0.5708248370963565 0.7211758622146315 0.4683756046601146 -0.7414416659584347 -0.5432362658844859 -0.13259958767667823
IMG_6410.jpg -0.011603732713458338 -0.6991089570763652 0.7232282079784838 -0.08373402788294469 -0.15257926589219603 -0.782222381682145 -0.4273216106844876
IMG_6421.jpg 0.6337054285565072 -0.402384860972619 -0.00998947447854035 -0.5109260805141556 0.4396279503196876 -1.0819373258265401 0.7484867893353057
IMG_6434.jpg -0.3239279971672444 -0.3178929648918829 0.6191835880234747 0.5942871393015793 3.475594524772622 -0.6006186843149708 0.3832831081415598
IMG_6442.jpg -0.3374255025769738 -0.2841327490315547 0.7445862838279144 0.42199399675458976 2.0920252782520374 -0.30688338976068663 0.6551386018832367
IMG_6450.jpg -0.06253045400589177 -0.5621118376541602 0.47470720518493725 0.6593541228836819 2.7539875756941954 -0.4373579413361015 1.6207238452804265
IMG_6459.jpg 0.10770309938257176 -0.6313207913273252 0.6345862658725776 0.24983607427004695 -0.9373584902867169 0.6187161333196762 -4.24600746209879
IMG_6471.jpg 0.7510983374951247 -0.34432433263465567 0.05709967788675189 -0.5540837459157362 2.824228883004539 -0.513692574754011 3.9435006309327214
IMG_6483.jpg 0.7909457805548724 -0.4215743388265167 0.09740527688054844 0.5795189256252657 1.3333554516149786 -4.660196293690105 -0.7860052161425933
IMG_6491.jpg 0.6366457171220965 0.7161273818692893 -0.12285228736165414 -0.264875432323703 -0.33770644482378015 5.246728066104548 0.974284869408937
IMG_6500.jpg 0.5553021479093224 0.7089445985753244 -0.13424355850577513 -0.2731100692885 -0.1020412359434584 -4.753153699518414 -2.0245340314031286
IMG_6508.jpg 0.8976879697905615 -0.4474038546485342 -0.15750510668679224 0.15011358856227316 0.39497561897600614 4.624907547201581 2.1854717310805
IMG_6516.jpg 0.8250243962449204 0.49184764161122413 -0.224392127979546 -0.19736025062731494 -0.6682381444608567 1.992956750326548 -0.2959501382156869
IMG_6525.jpg 0.9487353923634635 0.3484376370252853 -0.1505315884132696 -0.10956520653134619 -0.7066900342478573 3.5085490338052674 -1.5574895897487593
IMG_6534.jpg 0.3475825683246353 0.8014963747837354 -0.06745825868157843 -0.4686761333366627 0.0687023734754945 3.4945587079919775 2.669428446498376
IMG_6543.jpg -0.3334585400321977 0.8107560742705967 0.062371726162147444 -0.42530776738965564 0.6116757559502817 -2.264891694888099 1.1403854577487251
IMG_6552.jpg -0.31545713205797 0.6609718458374498 -0.5434408170290861 -0.4660427787353499 0.48740421223598795 -2.3121859961019915 4.377133424980668
IMG_6560.jpg -0.4473603581888094 0.7357454920099789 -0.5088879469396973 0.17539719018236544 -2.48194359447161 0.5151688170960155 4.822529981946315
IMG_6569.jpg 0.5102123063878282 0.08585674087349209 -0.49548487975810085 -0.6984466846523161 -3.2256543325932765 0.7747134669100729 5.893470464837135
IMG_6578.jpg 0.7159301559767666 -0.4423489800565896 0.4155741161809571 -0.030422537714077998 3.6526000326560366 0.09023628119391616 0.8950205666759905
IMG_6589.jpg 0.7609442869158627 -0.42084038048074707 0.3579222223602261 -0.2546015227830407 -4.392760283733783 -0.1408720456594945 2.6445244756960387