IMG_6292.jpg 0.634447878946935 -0.6065264862260215 0.34488853935416813 -0.33263532959265957 3.1245976502810198 0.1881553112924268 1.6303741907922915
IMG_6301.jpg 0.8090015928748089 -0.32841382710822836 0.4561668201608061 -0.1718872949502565 3.927902185632361 -1.1253468131285884 0.5110586175669133
IMG_6313.jpg 0.6635008743515253 -0.22641702950176795 -0.22594429988854914 -0.6763412853554315 1.3326632435516064 0.7811318473160275 5.460595158273527
IMG_6322.jpg -0.34402025296942523 -0.31663688656611 0.6639525738204988 0.5835799473097887 -3.2410645009893098 0.47062138756445276 1.2809053008317997
IMG_6332.jpg -0.3323977002441371 -0.3379065275789571 0.5681027213866616 0.6727332087487248 0.5886605746477181 -0.04448528643592106 0.9875603767822738
IMG_6340.jpg -0.3450349759543279 -0.3161866835558483 0.6241944299727139 0.6256161849464792 4.261858016113096 0.13982394135128048 1.2875945762601682
IMG_6349.jpg 0.14833826477893172 -0.6643721410898479 0.6990544494463368 0.21902108670699544 1.7002861317740539 0.5903421294896999 4.647935239131676
IMG_6358.jpg 0.6522112729059444 -0.5861176141934911 0.3639901533142556 -0.3139712199628134 -1.9681274826149482 -0.10315632122757944 1.6368181903665082
IMG_6366.jpg 0.5711116092179416 -0.6791943249369298 0.31623623642555365 -0.3354718601805138 0.3824357007672363 0.6185366896727091 0.6232513573394455
IMG_6374.jpg 0.8065828361630465 -0.3672105851931106 0.4055437636677036 -0.223893284795749 2.973822259242645 -0.9027269674901384 0.797577515129825
IMG_6382.jpg 0.7138598521299803 -0.0668355014851889 -0.09152491621694384 -0.6910613630963903 -0.9091291650295652 -0.2453916640067368 -0.7666317519801753
IMG_6392.jpg 0.5083951137525891 -0.6445480545042533 -0.06360852308436449 -0.5675211184664471 3.1529482674517015 0.9608913246131375 2.909060991511541
IMG_6401.jpg -0.03819984322009564 -0.5508248370963565 0.7211758622146315 0.41834560466011456 -0.4414416659584348 -0.7432362658844859 -0.33259958767667824
IMG_6410.jpg -0.031603732713458337 -0.6791089570763652 0.7332282079784838 -0.013764027882944688 -0.352579265892196 -0.882222381682145 -0.02732161068448759
IMG_6421.jpg 0.6537054285565072 -0.482384860972619 -0.04997947447854035 -0.5809060805141557 0.3396279503196876 -0.6819373258265401 0.6484867893353057
IMG_6434.jpg -0.33394799716724444 -0.3378829648918829 0.6991835880234747 0.5342871393015793 3.075594524772622 -0.0006186843149707555 0.6832831081415598
IMG_6442.jpg -0.37742550257697377 -0.25413274903155475 0.7946162838279143 0.40199399675458974 2.8920252782520373 -0.30688338976068663 0.7551386018832367
IMG_6450.jpg -0.06253045400589177 -0.5121018376541603 0.4947272051849373 0.6993541228836819 2.8539875756941955 -0.5373579413361015 1.7207238452804265
IMG_6459.jpg 0.17770309938257176 -0.6613207913273252 0.6845862658725776 0.249866074270047 -0.43735849028671697 0.4187161333196762 -4.44600746209879
IMG_6471.jpg 0.7410983374951247 -0.33432433263465566 0.09709967788675189 -0.5740537459157363 2.9242288830045386 -0.313692574754011 3.6435006309327216
IMG_6483.jpg 0.7009457805548724 -0.4615743388265167 0.06740527688054844 0.539488925625266 1.9333554516149787 -4.660196293690106 -0.5860052161425933
IMG_6491.jpg 0.6266457171220965 0.7261573818692891 -0.12285228736165414 -0.254875432323703 -0.13770644482378014 5.346728066104548 0.974284869408937
IMG_6500.jpg 0.5353021479093224 0.7889145985753245 -0.10424355850577512 -0.2831100692885 -0.5020412359434584 -4.753153699518415 -2.8245340314031284
IMG_6508.jpg 0.8576879697905615 -0.4474038546485342 -0.16750510668679225 0.1901435885622732 0.29497561897600616 4.224907547201581 2.9854717310805
IMG_6516.jpg 0.8250243962449204 0.49181764161122404 -0.214392127979546 -0.17736025062731495 -0.26823814446085675 1.092956750326548 -0.7959501382156869
IMG_6525.jpg 0.9187353923634635 0.31846763702528536 -0.16053158841326962 -0.16956520653134619 -0.3066900342478573 3.6085490338052675 -1.3574895897487593
IMG_6534.jpg 0.3975825683246353 0.8215263747837352 -0.00745825868157843 -0.4086761333366627 0.6687023734754945 3.9945587079919775 2.569428446498376
IMG_6543.jpg -0.3334585400321977 0.8407560742705967 0.032341726162147436 -0.42530776738965564 0.5116757559502817 -2.4648916948880992 1.6403854577487251
IMG_6552.jpg -0.36545713205797 0.6009718458374498 -0.5834108170290863 -0.4060427787353499 0.28740421223598794 -2.5121859961019917 4.077133424980668
IMG_6560.jpg -0.4473603581888094 0.7157454920099788 -0.5188879469396973 0.1353671901823654 -2.48194359447161 0.6151688170960155 4.722529981946315
IMG_6569.jpg 0.5302123063878282 0.09585674087349208 -0.5254848797581009 -0.658476684652316 -3.9256543325932767 0.874713466910073 5.093470464837135
IMG_6578.jpg 0.7459301559767666 -0.46234898005658964 0.4755741161809571 -0.06039253771407799 3.252600032656037 0.49023628119391616 0.5950205666759905
IMG_6589.jpg 0.7709442869158627 -0.460810380480747 0.3779222223602261 -0.22460152278304069 -4.992760283733783 -0.8408720456594945 2.1445244756960387