IMG_6292.jpg 0.634447878946935 -0.6565264862260215 0.34490853935416815 -0.32262532959265956 3.3245976502810198 0.5881553112924268 1.8303741907922915
IMG_6301.jpg 0.8590015928748089 -0.39841382710822836 0.47619682016080615 -0.1318872949502565 3.127902185632361 -1.2253468131285884 0.0110586175669133
IMG_6313.jpg 0.6535008743515253 -0.26641702950176795 -0.29597429988854917 -0.6563412853554315 1.9326632435516064 0.6811318473160275 5.460595158273527
IMG_6322.jpg -0.3140002529694252 -0.38664688656611 0.6739525738204988 0.5835799473097887 -3.6410645009893098 0.97062138756445276 1.7809053008317997
IMG_6332.jpg -0.3623977002441371 -0.31793652757895715 0.5981027213866616 0.6427332087487248 0.5886605746477181 -0.84448528643592106 0.3875603767822738
IMG_6340.jpg -0.3650349759543279 -0.3661866835558483 0.604164429972714 0.6256161849464792 4.261858016113096 0.93982394135128048 1.6875945762601682
IMG_6349.jpg 0.13833826477893172 -0.6843721410898479 0.6390244494463369 0.24902108670699544 1.0002861317740539 0.9903421294896999 4.947935239131676
IMG_6358.jpg 0.6622112729059444 -0.5161176141934911 0.3040001533142556 -0.37399121996281343 -1.6681274826149482 -0.10315632122757944 1.3368181903665082
IMG_6366.jpg 0.5111116092179416 -0.6391943249369298 0.35623623642555365 -0.33544186018051375 0.7824357007672363 0.7185366896727091 0.7232513573394455
IMG_6374.jpg 0.8665828361630465 -0.3472105851931106 0.4055437636677036 -0.28386328479574896 2.873822259242645 -0.8027269674901384 0.597577515129825
IMG_6382.jpg 0.7038598521299803 -0.0268355014851889 -0.05149491621694385 -0.6410613630963903 -0.8091291650295652 -0.5453916640067368 -0.8666317519801753
IMG_6392.jpg 0.5583951137525891 -0.6345480545042533 -0.00360852308436449 -0.5774911184664473 3.2529482674517015 0.2608913246131375 2.709060991511541
IMG_6401.jpg -0.00819984322009564 -0.5708248370963565 0.7211758622146315 0.4683756046601146 -0.7414416659584348 -0.5432362658844859 -0.13259958767667824
IMG_6410.jpg -0.011603732713458337 -0.6991089570763652 0.7232282079784838 -0.083734027882944689 -0.452579265892196 -0.782222381682145 -0.42732161068448759
IMG_6421.jpg 0.6337054285565072 -0.402384860972619 -0.00998947447854035 -0.5109260805141556 0.2396279503196876 -0.9819373258265401 0.7484867893353057
IMG_6434.jpg -0.3239279971672444 -0.3178929648918829 0.6091835880234747 0.5942871393015793 3.675594524772622 -0.6006186843149707555 0.3832831081415598
IMG_6442.jpg -0.33742550257697377 -0.29413274903155475 0.7445862838279144 0.42199399675458974 2.0920252782520373 -0.50688338976068663 0.6551386018832367
IMG_6450.jpg -0.06253045400589177 -0.5821118376541602 0.47470720518493727 0.6593541228836819 2.6539875756941955 -0.4373579413361015 1.6207238452804265
IMG_6459.jpg 0.11770309938257176 -0.6313207913273252 0.6445862658725776 0.25983607427004698 -0.93735849028671697 0.6187161333196762 -4.24600746209879
IMG_6471.jpg 0.7510983374951247 -0.34432433263465566 0.05709967788675189 -0.5540837459157362 2.5242288830045386 -0.513692574754011 3.9435006309327216
IMG_6483.jpg 0.7909457805548724 -0.4215743388265167 0.09740527688054844 0.5795189256252658 1.3333554516149787 -4.360196293690106 -0.7860052161425933
IMG_6491.jpg 0.6366457171220965 0.7461273818692893 -0.12285228736165414 -0.264875432323703 -0.33770644482378014 5.246728066104548 0.974284869408937
IMG_6500.jpg 0.5553021479093224 0.7089445985753244 -0.13424355850577512 -0.2731100692885 -0.1020412359434584 -4.453153699518415 -2.0245340314031284
IMG_6508.jpg 0.8976879697905615 -0.4574038546485342 -0.15750510668679225 0.15011358856227317 0.39497561897600616 4.724907547201581 2.2854717310805
IMG_6516.jpg 0.8150243962449204 0.4818476416112241 -0.224392127979546 -0.19736025062731495 -0.56823814446085675 1.992956750326548 -0.2959501382156869
IMG_6525.jpg 0.9487353923634635 0.3684376370252853 -0.15053158841326962 -0.10956520653134619 -0.7066900342478573 3.4085490338052675 -1.5574895897487593
IMG_6534.jpg 0.3475825683246353 0.8214963747837354 -0.06745825868157843 -0.4686761333366627 0.0687023734754945 3.4945587079919775 2.569428446498376
IMG_6543.jpg -0.3334585400321977 0.8107560742705967 0.062371726162147445 -0.42530776738965564 0.6116757559502817 -2.5648916948880992 1.1403854577487251
IMG_6552.jpg -0.30545713205797 0.6609718458374498 -0.5434408170290861 -0.4660427787353499 0.28740421223598794 -2.3121859961019917 4.377133424980668
IMG_6560.jpg -0.4473603581888094 0.7157454920099788 -0.5088879469396973 0.17539719018236543 -2.48194359447161 0.4151688170960155 4.822529981946315
IMG_6569.jpg 0.5102123063878282 0.08585674087349208 -0.5054848797581009 -0.6884466846523161 -3.2256543325932767 0.674713466910073 5.893470464837135
IMG_6578.jpg 0.7159301559767666 -0.44234898005658964 0.4155741161809571 -0.030422537714077997 3.952600032656037 0.09023628119391616 0.8950205666759905
IMG_6589.jpg 0.7609442869158627 -0.42084038048074705 0.3879222223602261 -0.25460152278304069 -4.392760283733783 -0.1408720456594945 2.6445244756960387
