IMG_6292.jpg 0.630201835856697 -0.6069223991887165 0.34814045615710715 -0.33658441769128644 3.1255567 0.17655835 1.6346626
IMG_6301.jpg 0.8186331060003071 -0.32004940838810403 0.4460956868139675 -0.1685433242720971 3.9258962 -1.1305596 0.51962554
IMG_6313.jpg -0.6635737150514772 0.22745290219670944 0.2265171974154779 0.6757403800647941 1.3342701 0.7828031 5.4657683
IMG_6322.jpg -0.3444812822795864 -0.31839431895533693 0.6620955525118427 0.5844546031643663 -3.240763 0.480513 1.2860886
IMG_6332.jpg -0.33057185586360954 -0.3380351446749326 0.5673261113456093 0.6742370298796675 0.5840277 -0.042914737 0.980812
IMG_6340.jpg -0.3448899721250314 -0.31751218800437686 0.6251202763118612 0.6240685521159118 4.26707 0.13665138 1.2820017
IMG_6349.jpg 0.1482802057125979 -0.665469854835402 0.6982178101401206 0.21829966216719837 1.703004 0.59513015 4.6422086
IMG_6358.jpg 0.6505245336949017 -0.5880914361255254 0.3618919478491543 -0.3162285753988607 -1.9646144 -0.10304189 1.6325246
IMG_6366.jpg -0.569915785047819 0.6797389082738917 -0.31527648036259853 0.3372710415409509 0.39134955 0.61512697 0.6242372
IMG_6374.jpg 0.809220321978496 -0.3660546318538978 0.3997499944969366 -0.22664160892260224 2.9767866 -0.9040974 0.7900287
IMG_6382.jpg 0.7103992423413343 -0.06700005461001386 -0.09506020071670629 -0.6941235245997739 -0.89878845 -0.24324836 -0.76491463
IMG_6392.jpg -0.5067742344680363 0.6466172664410667 0.062053125360413845 0.5667586749690057 3.148075 0.96499836 2.9042788
IMG_6401.jpg -0.03623643375001207 -0.5507888399752298 0.7220393475511605 0.4171064075457438 -0.44653252 -0.7450326 -0.3374367
IMG_6410.jpg -0.031327731683386935 -0.6762935213315805 0.7358647390048859 -0.012195577959891369 -0.35907793 -0.88462186 -0.025166588
IMG_6421.jpg 0.6471677421280693 -0.4868704291730081 -0.04958925731562064 -0.5845271630169405 0.32922682 -0.69361585 0.6446505
IMG_6434.jpg -0.33441804936794745 -0.3373954877986433 0.6985422639667035 0.5351332156784187 3.072706 -0.0031115317 0.67692864
IMG_6442.jpg -0.3754604891227755 -0.2557753930727073 0.7931835193846325 0.40554688259533767 2.895312 -0.29908186 0.7518169
IMG_6450.jpg -0.062489927645240737 -0.5135024559682881 0.49653846664241813 0.6970364321911913 2.8602397 -0.5382535 1.7244959
IMG_6459.jpg 0.17643608703274608 -0.6643566316419763 0.6839466068388934 0.24437187272569813 -0.43171775 0.4205732 -4.443039
IMG_6471.jpg 0.7389306267540013 -0.339042824660014 0.09622316751824457 -0.574258298959844 2.9211943 -0.31819907 3.647116
IMG_6483.jpg 0.6936273885960961 -0.47272179429273153 0.06947429549341165 0.53906258751254 1.9338374 -4.663663 -0.58686763
IMG_6491.jpg 0.6240465942601866 0.7275045532464178 -0.1214572658237837 -0.2579750099846937 -0.13305299 5.3421507 0.97313195
IMG_6500.jpg 0.5380498210290489 0.7865841601006854 -0.10412058109047496 -0.28451125419337914 -0.5082928 -4.754059 -2.8259256
IMG_6508.jpg 0.8578176187415922 -0.44737984925797986 -0.16052133432034896 0.19553287366176147 0.28981155 4.2281938 2.9843366
IMG_6516.jpg 0.8229344773581847 0.4952963742212163 -0.21503194625099875 -0.17669637729743046 -0.25554645 1.1031116 -0.7946004
IMG_6525.jpg 0.9184353565408002 0.3185126061039443 -0.16679031097931796 -0.1649460753460629 -0.3078892 3.6002958 -1.3548719
IMG_6534.jpg 0.3956469095643245 0.822111163134589 -0.0059069859744620415 -0.4093432128646938 0.6619643 3.993426 2.5662704
IMG_6543.jpg -0.33618861849807546 0.8416464881439372 0.03623874610233504 -0.4210643122710156 0.5142034 -2.4679966 1.648458
IMG_6552.jpg -0.3672798719212753 0.6012264183899082 -0.582880567745309 -0.4048240769228542 0.28556213 -2.5126262 4.0763755
IMG_6560.jpg -0.4456336873174628 0.7183507563372901 -0.5166050731816669 0.13602207894474244 -2.4833097 0.61430603 4.7238855
IMG_6569.jpg -0.5315757985608057 -0.09871993210165705 0.5274615964260566 0.65533640955311 -3.9239442 0.86656916 5.0975
IMG_6578.jpg 0.737803388622461 -0.4698320179376763 0.4798067423296733 -0.06848010421145344 3.256936 0.48780796 0.5993336
IMG_6589.jpg 0.7666307167466867 -0.4660607331595929 0.3797303303842795 -0.22554293013404395 -5.0006766 -0.84624374 2.139782
