IMG_6292.jpg 0.631447878946935 -0.6075264862260215 0.34490853935416815 -0.33962532959265956 3.1215976502810198 0.1821553112924268 1.6353741907922915
IMG_6301.jpg 0.8000015928748089 -0.32241382710822836 0.45019682016080615 -0.1718872949502565 3.925902185632361 -1.1293468131285884 0.5180586175669133
IMG_6313.jpg 0.6655008743515253 -0.22741702950176795 -0.22397429988854917 -0.6753412853554315 1.3376632435516064 0.7811318473160275 5.466595158273527
IMG_6322.jpg -0.3420002529694252 -0.31764688656611 0.6609525738204988 0.5855799473097887 -3.2430645009893098 0.47862138756445276 1.2859053008317997
IMG_6332.jpg -0.3303977002441371 -0.33493652757895715 0.5681027213866616 0.6797332087487248 0.5876605746477181 -0.04048528643592106 0.9815603767822738
IMG_6340.jpg -0.3430349759543279 -0.3171866835558483 0.627164429972714 0.6206161849464792 4.262858016113096 0.13982394135128048 1.2805945762601682
IMG_6349.jpg 0.14233826477893172 -0.6653721410898479 0.6910244494463369 0.21402108670699544 1.7032861317740539 0.5923421294896999 4.644935239131676
IMG_6358.jpg 0.6592112729059444 -0.5831176141934911 0.3640001533142556 -0.31799121996281343 -1.9641274826149482 -0.10515632122757944 1.6318181903665082
IMG_6366.jpg 0.5701116092179416 -0.6761943249369298 0.31523623642555365 -0.33644186018051375 0.3894357007672363 0.6115366896727091 0.6282513573394455
IMG_6374.jpg 0.8085828361630465 -0.3642105851931106 0.4025437636677036 -0.22486328479574896 2.976822259242645 -0.9067269674901384 0.790577515129825
IMG_6382.jpg 0.7128598521299803 -0.0668355014851889 -0.09649491621694385 -0.6940613630963903 -0.9011291650295652 -0.2423916640067368 -0.7636317519801753
IMG_6392.jpg 0.5023951137525891 -0.6475480545042533 -0.06260852308436449 -0.5634911184664473 3.1519482674517015 0.9648913246131375 2.906060991511541
IMG_6401.jpg -0.03519984322009564 -0.5528248370963565 0.7261758622146315 0.4193756046601146 -0.4474416659584348 -0.7472362658844859 -0.33759958767667824
IMG_6410.jpg -0.031603732713458337 -0.6771089570763652 0.7392282079784838 -0.010734027882944689 -0.356579265892196 -0.885222381682145 -0.02532161068448759
IMG_6421.jpg 0.6517054285565072 -0.489384860972619 -0.04698947447854035 -0.5839260805141556 0.3316279503196876 -0.6889373258265401 0.6414867893353057
IMG_6434.jpg -0.3389279971672444 -0.3328929648918829 0.6921835880234747 0.5382871393015793 3.076594524772622 -0.0046186843149707555 0.6822831081415598
IMG_6442.jpg -0.37542550257697377 -0.25613274903155475 0.7915862838279144 0.40799399675458974 2.8950252782520373 -0.30388338976068663 0.7531386018832367
IMG_6450.jpg -0.06353045400589177 -0.5181118376541602 0.49770720518493727 0.6973541228836819 2.8579875756941955 -0.5373579413361015 1.7227238452804265
IMG_6459.jpg 0.17770309938257176 -0.6643207913273252 0.6835862658725776 0.24483607427004698 -0.43435849028671697 0.4197161333196762 -4.44300746209879
IMG_6471.jpg 0.7440983374951247 -0.33732433263465566 0.09309967788675189 -0.5740837459157362 2.9252288830045386 -0.314692574754011 3.6455006309327216
IMG_6483.jpg 0.7059457805548724 -0.4695743388265167 0.06840527688054844 0.5365189256252658 1.9303554516149787 -4.660196293690106 -0.5860052161425933
IMG_6491.jpg 0.6206457171220965 0.7281273818692893 -0.12385228736165414 -0.259875432323703 -0.13570644482378014 5.343728066104548 0.971284869408937
IMG_6500.jpg 0.5353021479093224 0.7809445985753244 -0.10424355850577512 -0.2841100692885 -0.5070412359434584 -4.753153699518415 -2.8265340314031284
IMG_6508.jpg 0.8576879697905615 -0.4464038546485342 -0.16050510668679225 0.19811358856227317 0.29297561897600616 4.222907547201581 2.9854717310805
IMG_6516.jpg 0.8220243962449204 0.4998476416112241 -0.219392127979546 -0.17336025062731495 -0.26023814446085675 1.098956750326548 -0.7969501382156869
IMG_6525.jpg 0.9127353923634635 0.3194376370252853 -0.16953158841326962 -0.16556520653134619 -0.3086900342478573 3.6035490338052675 -1.3564895897487593
IMG_6534.jpg 0.3925825683246353 0.8214963747837354 -0.00445825868157843 -0.4066761333366627 0.6627023734754945 3.9955587079919775 2.562428446498376
IMG_6543.jpg -0.3364585400321977 0.8417560742705967 0.036371726162147445 -0.42130776738965564 0.5146757559502817 -2.4698916948880992 1.6483854577487251
IMG_6552.jpg -0.36445713205797 0.6019718458374498 -0.5834408170290861 -0.4020427787353499 0.28440421223598794 -2.5161859961019917 4.073133424980668
IMG_6560.jpg -0.4453603581888094 0.7157454920099788 -0.5128879469396973 0.13639719018236543 -2.48894359447161 0.6131688170960155 4.725529981946315
IMG_6569.jpg 0.5312123063878282 0.09985674087349208 -0.5254848797581009 -0.6524466846523161 -3.9276543325932767 0.871713466910073 5.097470464837135
IMG_6578.jpg 0.7499301559767666 -0.46634898005658964 0.4785741161809571 -0.069422537714077997 3.258600032656037 0.49123628119391616 0.5960205666759905
IMG_6589.jpg 0.7759442869158627 -0.46584038048074705 0.3799222223602261 -0.22360152278304069 -4.997760283733783 -0.8468720456594945 2.1425244756960387
