IMG_6292.jpg 0.634447878946935 -0.6565264862260215 0.33490853935416814 -0.32262532959265955 3.22459765028102 0.38815531129242686 1.8303741907922915
IMG_6301.jpg 0.8590015928748089 -0.39841382710822837 0.47619682016080617 -0.1318872949502565 3.127902185632361 -1.6253468131285889 0.0110586175669133
IMG_6313.jpg 0.6535008743515253 -0.24641702950176791 -0.2959742998885492 -0.6563412853554315 1.9326632435516065 0.6811318473160275 5.260595158273528
IMG_6322.jpg -0.3140002529694252 -0.38664688656611 0.6739525738204988 0.6235799473097887 -3.6410645009893097 0.9706213875644527 1.7809053008317997
IMG_6332.jpg -0.3623977002441371 -0.3079365275789571 0.5981027213866617 0.6427332087487247 0.5886605746477181 -0.6444852864359211 0.4875603767822738
IMG_6340.jpg -0.3650349759543279 -0.3661866835558483 0.604164429972714 0.6256161849464792 4.461858016113095 0.8398239413512805 1.5875945762601682
IMG_6349.jpg 0.1383382647789317 -0.6843721410898479 0.6390244494463369 0.24902108670699544 1.3002861317740542 0.7903421294897 4.947935239131676
IMG_6358.jpg 0.6622112729059444 -0.5461176141934911 0.3040001533142556 -0.3739912199628134 -1.568127482614948 -0.003156321227579431 1.3368181903665082
IMG_6366.jpg 0.5111116092179416 -0.6391943249369298 0.3362362364255536 -0.32544186018051374 0.28243570076723645 0.6185366896727091 0.7232513573394455
IMG_6374.jpg 0.8665828361630465 -0.3472105851931106 0.4055437636677036 -0.27386328479574895 3.073822259242645 -0.9027269674901384 0.597577515129825
IMG_6382.jpg 0.7038598521299803 -0.0268355014851889 -0.07149491621694386 -0.6410613630963903 -0.8091291650295652 -0.3453916640067368 -0.8666317519801753
IMG_6392.jpg 0.5583951137525891 -0.6345480545042533 -0.00360852308436449 -0.5774911184664473 3.2529482674517016 0.9608913246131374 2.809060991511541
IMG_6401.jpg -0.03819984322009564 -0.5708248370963565 0.7111758622146315 0.45837560466011457 -0.6414416659584348 -0.44323626588448595 -0.13259958767667823
IMG_6410.jpg -0.011603732713458338 -0.6991089570763652 0.7232282079784838 -0.0437340278829447 -0.452579265892196 -0.782222381682145 -0.4273216106844876
IMG_6421.jpg 0.6337054285565072 -0.402384860972619 -0.00998947447854035 -0.5109260805141556 0.2396279503196876 -0.5819373258265402 0.7484867893353057
IMG_6434.jpg -0.3239279971672444 -0.3178929648918829 0.6191835880234747 0.5942871393015793 3.575594524772622 -0.6006186843149708 0.48328310814155984
IMG_6442.jpg -0.3374255025769738 -0.2741327490315547 0.7445862838279144 0.42199399675458976 2.0920252782520374 -0.20688338976068663 0.6551386018832367
IMG_6450.jpg -0.05253045400589177 -0.5321118376541601 0.46470720518493724 0.6693541228836819 2.7539875756941954 -0.4373579413361015 1.6207238452804265
IMG_6459.jpg 0.10770309938257176 -0.6313207913273252 0.6345862658725776 0.25983607427004696 -0.9373584902867169 0.6187161333196762 -4.446007462098789
IMG_6471.jpg 0.7510983374951247 -0.34432433263465567 0.05709967788675189 -0.5540837459157362 2.824228883004539 -0.21369257475401102 3.9435006309327214
IMG_6483.jpg 0.7909457805548724 -0.4215743388265167 0.12740527688054842 0.5795189256252657 1.3333554516149786 -4.360196293690106 -0.7860052161425933
IMG_6491.jpg 0.6266457171220965 0.7261273818692893 -0.12285228736165414 -0.25487543232370297 -0.13770644482378014 5.346728066104547 0.974284869408937
IMG_6500.jpg 0.5553021479093224 0.6989445985753244 -0.13424355850577513 -0.24311006928849999 -0.1020412359434584 -4.453153699518415 -2.0245340314031286
IMG_6508.jpg 0.8976879697905615 -0.4574038546485342 -0.15750510668679224 0.16011358856227317 0.39497561897600614 4.224907547201583 2.2854717310805
IMG_6516.jpg 0.8150243962449204 0.4818476416112241 -0.224392127979546 -0.19736025062731494 -0.2682381444608568 1.992956750326548 -0.2959501382156869
IMG_6525.jpg 0.9487353923634635 0.31843763702528527 -0.1505315884132696 -0.11956520653134618 -0.7066900342478573 3.4085490338052673 -1.5574895897487593
IMG_6534.jpg 0.3475825683246353 0.8214963747837354 -0.06745825868157843 -0.4686761333366627 0.0687023734754945 3.4945587079919775 2.869428446498376
IMG_6543.jpg -0.3334585400321977 0.8307560742705967 0.05237172616214744 -0.42530776738965564 0.6116757559502817 -2.364891694888099 1.5403854577487255
IMG_6552.jpg -0.31545713205797 0.6509718458374498 -0.5434408170290861 -0.4660427787353499 0.28740421223598794 -2.4121859961019916 4.377133424980668
IMG_6560.jpg -0.4473603581888094 0.7157454920099788 -0.5188879469396973 0.1353971901823654 -2.48194359447161 0.6151688170960155 4.722529981946315
IMG_6569.jpg 0.5102123063878282 0.08585674087349209 -0.49548487975810085 -0.638446684652316 -3.2256543325932765 0.674713466910073 5.893470464837135
IMG_6578.jpg 0.7159301559767666 -0.4423489800565896 0.4155741161809571 -0.030422537714077998 3.7526000326560367 0.09023628119391616 0.9950205666759905
IMG_6589.jpg 0.7609442869158627 -0.41084038048074706 0.3879222223602261 -0.2546015227830407 -4.692760283733782 -0.2408720456594945 2.6445244756960387
