IMG_6292.jpg 0.633447878946935 -0.6075264862260215 0.34390853935416815 -0.33262532959265956 3.1235976502810194 0.1871553112924268 1.6333741907922916
IMG_6301.jpg 0.8120015928748089 -0.32941382710822836 0.45619682016080615 -0.1718872949502565 3.9359021856323597 -1.123346813128589 0.49305861756691327
IMG_6313.jpg 0.6635008743515253 -0.22641702950176795 -0.22597429988854917 -0.6763412853554315 1.3316632435516071 0.7811318473160275 5.459595158273524
IMG_6322.jpg -0.3440002529694252 -0.31664688656611 0.6619525738204988 0.5855799473097887 -3.2460645009893097 0.4816213875644528 1.291905300831799
IMG_6332.jpg -0.3353977002441371 -0.33593652757895714 0.5691027213866616 0.6757332087487248 0.5816605746477181 -0.036485286435921055 0.9915603767822738
IMG_6340.jpg -0.3450349759543279 -0.3171866835558483 0.626164429972714 0.6226161849464792 4.271858016113099 0.12982394135128048 1.2985945762601663
IMG_6349.jpg 0.14933826477893172 -0.6643721410898479 0.7000244494463369 0.21802108670699544 1.703286131774054 0.5883421294896999 4.648935239131677
IMG_6358.jpg 0.6542112729059444 -0.5841176141934911 0.3640001533142556 -0.3129912199628134 -1.965127482614948 -0.09215632122757943 1.631818190366508
IMG_6366.jpg 0.5701116092179416 -0.6801943249369298 0.31423623642555365 -0.33744186018051375 0.3884357007672363 0.6105366896727091 0.6252513573394455
IMG_6374.jpg 0.8075828361630465 -0.3672105851931106 0.4055437636677036 -0.22486328479574896 2.974822259242645 -0.9097269674901384 0.796577515129825
IMG_6382.jpg 0.7128598521299803 -0.0658355014851889 -0.09249491621694385 -0.6910613630963903 -0.8991291650295652 -0.24639166400673682 -0.7736317519801753
IMG_6392.jpg 0.506395113752589 -0.6455480545042533 -0.06260852308436449 -0.5654911184664473 3.1439482674517025 0.9598913246131375 2.897060991511542
IMG_6401.jpg -0.03819984322009564 -0.5508248370963565 0.7211758622146315 0.4183756046601146 -0.4444416659584348 -0.7432362658844859 -0.33859958767667825
IMG_6410.jpg -0.031603732713458337 -0.6791089570763652 0.7332282079784838 -0.013734027882944692 -0.351579265892196 -0.881222381682145 -0.028321610684487592
IMG_6421.jpg 0.6537054285565072 -0.483384860972619 -0.04998947447854035 -0.5809260805141556 0.3366279503196876 -0.6889373258265401 0.6524867893353057
IMG_6434.jpg -0.3399279971672444 -0.3328929648918829 0.7011835880234747 0.5382871393015793 3.0815945247726213 -0.004618684314970756 0.6612831081415598
IMG_6442.jpg -0.37842550257697377 -0.25313274903155475 0.7935862838279144 0.40399399675458975 2.8830252782520387 -0.30588338976068663 0.7441386018832367
IMG_6450.jpg -0.06253045400589177 -0.5131118376541602 0.49570720518493727 0.6993541228836819 2.862987575694195 -0.5363579413361015 1.737723845280425
IMG_6459.jpg 0.17770309938257176 -0.6633207913273252 0.6835862658725776 0.24883607427004698 -0.42135849028671696 0.4067161333196762 -4.456007462098794
IMG_6471.jpg 0.7430983374951247 -0.33432433263465566 0.09709967788675189 -0.5740837459157362 2.929228883004538 -0.315692574754011 3.6475006309327216
IMG_6483.jpg 0.6289457805548724 -0.4605743388265167 0.10040527688054847 0.5305189256252658 2.0523554516149654 -4.693196293690117 -0.6240052161425933
IMG_6491.jpg 0.6236457171220965 0.7271273818692893 -0.12085228736165414 -0.256875432323703 -0.14470644482378014 5.343728066104548 1.0022848694089368
IMG_6500.jpg 0.5353021479093224 0.7889445985753244 -0.10324355850577512 -0.2841100692885 -0.5140412359434584 -4.750153699518414 -2.8315340314031276
IMG_6508.jpg 0.8586879697905615 -0.4444038546485342 -0.16450510668679225 0.19411358856227318 0.27997561897600615 4.228907547201583 2.9854717310805
IMG_6516.jpg 0.8200243962449204 0.4948476416112241 -0.214392127979546 -0.17736025062731495 -0.26323814446085675 1.107956750326547 -0.7799501382156869
IMG_6525.jpg 0.9147353923634635 0.3214376370252853 -0.16253158841326962 -0.16656520653134618 -0.3046900342478573 3.610549033805267 -1.34948958974876
IMG_6534.jpg 0.3975825683246353 0.8214963747837354 -0.00645825868157843 -0.4086761333366627 0.6617023734754945 3.9945587079919775 2.571428446498375
IMG_6543.jpg -0.3324585400321977 0.8427560742705967 0.034371726162147447 -0.42130776738965564 0.5226757559502817 -2.4608916948881 1.649385457748725
IMG_6552.jpg -0.36545713205797 0.6019718458374498 -0.5834408170290861 -0.4050427787353499 0.28640421223598794 -2.5101859961019923 4.087133424980673
IMG_6560.jpg -0.4453603581888094 0.7167454920099788 -0.5188879469396973 0.13439719018236543 -2.4839435944716106 0.6111688170960154 4.726529981946316
IMG_6569.jpg 0.5312123063878282 0.09585674087349208 -0.5254848797581009 -0.6584466846523161 -3.9306543325932766 0.870713466910073 5.096470464837135
IMG_6578.jpg 0.7479301559767666 -0.46234898005658964 0.4765741161809571 -0.06142253771407799 3.256600032656037 0.48223628119391615 0.5790205666759904
IMG_6589.jpg 0.7709442869158627 -0.46084038048074705 0.3779222223602261 -0.22460152278304069 -4.993760283733781 -0.8418720456594945 2.1435244756960388