IMG_6292.jpg 0.624447878946935 -0.6065264862260215 0.34490853935416815 -0.3326253295926596 3.0945976502810204 0.16815531129242683 1.6403741907922915
IMG_6301.jpg 0.7490015928748087 -0.27841382710822826 0.34619682016080605 -0.16188729495025647 3.627902185632367 -1.2053468131285885 0.5710586175669133
IMG_6313.jpg 0.6635008743515253 -0.22641702950176795 -0.22597429988854917 -0.6763412853554316 1.3326632435516064 0.7811318473160275 5.460595158273527
IMG_6322.jpg -0.34400025296942516 -0.31664688656611 0.6539525738204989 0.5935799473097887 -3.2610645009893098 0.5206213875644528 1.3309053008317997
IMG_6332.jpg -0.32239770024413705 -0.34793652757895716 0.5681027213866616 0.6627332087487249 0.6386605746477182 -0.054485286435921064 0.9975603767822738
IMG_6340.jpg -0.3350349759543279 -0.3261866835558483 0.614164429972714 0.6156161849464792 4.161858016113097 0.1498239413512805 1.187594576260168
IMG_6349.jpg 0.1483382647789317 -0.6743721410898479 0.6890244494463369 0.22902108670699542 1.7102861317740539 0.6403421294897 4.647935239131677
IMG_6358.jpg 0.6622112729059444 -0.5761176141934912 0.35400015331425566 -0.3239912199628134 -1.878127482614948 -0.07315632122757942 1.5368181903665081
IMG_6366.jpg 0.5711116092179416 -0.6791943249369298 0.3162362364255536 -0.33544186018051375 0.3824357007672363 0.6185366896727091 0.6232513573394455
IMG_6374.jpg 0.8465828361630465 -0.35721058519311066 0.4355437636677036 -0.22386328479574896 2.953822259242644 -0.9827269674901384 0.5275775151298249
IMG_6382.jpg 0.6538598521299802 -0.046835501485188905 -0.08149491621694385 -0.6910613630963903 -0.8091291650295651 -0.14539166400673664 -0.9666317519801755
IMG_6392.jpg 0.5083951137525891 -0.6345480545042533 -0.06360852308436449 -0.5674911184664474 3.132948267451702 0.9808913246131374 2.929060991511542
IMG_6401.jpg -0.02819984322009564 -0.5508248370963565 0.7211758622146315 0.4183756046601146 -0.38144166595843476 -0.6732362658844858 -0.4225995876766783
IMG_6410.jpg -0.031603732713458337 -0.6791089570763652 0.7332282079784838 -0.013734027882944694 -0.35257926589219596 -0.8822223816821451 -0.027321610684487588
IMG_6421.jpg 0.6937054285565072 -0.48238486097261907 -0.03998947447854034 -0.5709260805141556 0.34962795031968763 -0.6519373258265401 0.6184867893353057
IMG_6434.jpg -0.33392799716724436 -0.33789296489188286 0.6991835880234748 0.5142871393015793 2.9955945247726223 -0.07061868431497076 0.6432831081415598
IMG_6442.jpg -0.3574255025769738 -0.26413274903155476 0.7845862838279144 0.4119939967545897 2.862025278252038 -0.26688338976068654 0.7651386018832367
IMG_6450.jpg -0.02253045400589177 -0.5421118376541602 0.4747072051849373 0.6693541228836819 2.8939875756941937 -0.5273579413361015 1.8307238452804266
IMG_6459.jpg 0.10770309938257178 -0.6013207913273252 0.6445862658725776 0.23983607427004697 -0.457358490286717 0.4287161333196762 -4.586007462098787
IMG_6471.jpg 0.7410983374951247 -0.3343243326346556 0.09709967788675188 -0.5740837459157362 2.924228883004538 -0.31369257475401097 3.643500630932721
IMG_6483.jpg 0.7409457805548724 -0.4615743388265167 0.11740527688054843 0.5095189256252658 1.9933554516149787 -4.630196293690107 -0.6560052161425934
IMG_6491.jpg 0.6366457171220965 0.7061273818692893 -0.14285228736165412 -0.244875432323703 -0.027706444823780096 5.106728066104553 0.6742848694089368
IMG_6500.jpg 0.5853021479093224 0.7089445985753244 -0.09424355850577514 -0.2831100692885 -0.6020412359434585 -4.713153699518415 -2.8545340314031287
IMG_6508.jpg 0.8476879697905615 -0.45740385464853417 -0.17750510668679223 0.1801135885622732 0.3549756189760062 4.204907547201581 2.9254717310805
IMG_6516.jpg 0.8450243962449203 0.4818476416112241 -0.21439212797954602 -0.17736025062731497 -0.28823814446085677 1.052956750326548 -0.855950138215687
IMG_6525.jpg 0.9187353923634635 0.3284376370252852 -0.17053158841326965 -0.1495652065313462 -0.3066900342478573 3.628549033805268 -1.3474895897487593
IMG_6534.jpg 0.3975825683246353 0.7814963747837353 0.03254174131842159 -0.4786761333366627 0.6287023734754945 3.9945587079919767 2.429428446498379
IMG_6543.jpg -0.3334585400321977 0.8407560742705967 0.032371726162147445 -0.42530776738965564 0.5116757559502816 -2.464891694888098 1.6403854577487251
IMG_6552.jpg -0.37545713205797004 0.6009718458374498 -0.5834408170290861 -0.41604277873534984 0.30740421223598796 -2.602185996101991 4.147133424980665
IMG_6560.jpg -0.4673603581888094 0.6957454920099787 -0.5188879469396973 0.13539719018236543 -2.4519435944716093 0.7051688170960155 4.612529981946318
IMG_6569.jpg 0.5502123063878283 0.07585674087349208 -0.5654848797581009 -0.6184466846523161 -3.9856543325932767 0.834713466910073 5.123470464837134
IMG_6578.jpg 0.7359301559767666 -0.47234898005658965 0.4655741161809571 -0.07042253771407801 3.2926000326560367 0.4102362811939161 0.6250205666759906
IMG_6589.jpg 0.7509442869158628 -0.46084038048074705 0.36792222236022615 -0.2346015227830407 -4.882760283733785 -0.7808720456594944 2.024524475696042