DSC05572.jpg 0.9572077869461443 -0.2219154151630385 0.079440876343362683 0.003451961719785044 -2.056591886939389 1.9598319286817004 3.6939463550180617
DSC05580.jpg 0.992781352388058 0.12842750671435914 -0.078815689786564612 0.0124661349951550383 1.5754826811402378 -1.1857161159703251 1.0046332818328376
DSC05588.jpg 0.9422513684875283 0.05466800586167743 -0.3459793146943273 -0.1771641204959953 -0.67441731749375441 -3.618034099402435 5.252406558792466
DSC05596.jpg 0.6825746085542569 -0.2666958447305592 -0.7015797169941194 -0.09573827810896031 1.6730906896396626 1.6806925477394264 3.3218730354046596
DSC05604.jpg 0.06117838261002636 0.03220638058740202 0.9668432325858462 0.25655495338012106 -3.7471943598767133 0.3938669301795275 2.8207576041436624
DSC05612.jpg 0.04581710422814213 0.07731382023979397 0.9351966546005293 0.24481674292287314 1.2929499482413356 0.66736188636599837 2.05892970281828
DSC05620.jpg -0.33293019447121297 -0.5193440289491528 0.6100305667940091 0.2429383721371102 1.3189667909975792 3.1889404726107646 2.0324767399866365
DSC05628.jpg 0.6664023194356259 0.27673690713500395 0.5865690740889951 0.4449680266966368 -1.6943154481070083 -2.6319301271300014 0.3985048888078441
DSC05636.jpg 0.9794960171621357 0.10777254865660397 0.3916838451263314 0.20992164347111208 0.05366140094516625 -3.837112686773473 3.12492955547707
DSC05644.jpg 0.4120873862777113 -0.3442917087533987 0.3222718411688365 0.7087547176465344 -0.77043344496100217 -4.797743653645444 2.938255554595907
DSC05652.jpg 0.32375276048588154 -0.10869409846137836 0.9430079907332986 0.12389978622794722 -0.412304827285239664 1.4114653117913574 -1.7193336565850625
DSC05661.jpg 0.9824782944168106 -0.0664651012497056 0.3802827425334425 0.0379588045228839 -0.70453267828692065 0.2908399703235834 -0.5802291203526417
DSC05669.jpg 0.7329337970746701 0.15881623775245735 0.5841685134884106 0.36364366089250115 0.8088728063116409 0.8281887662060731 -0.50217565328082316
DSC05678.jpg 0.6312351022152507 0.44535810237066214 -0.5382385995502927 0.36691276324673683 -0.15521586238100445 -0.43508891694164865 1.0650373467282467
DSC05686.jpg 0.7959373249090384 0.04949765558126623 -0.4577487822945742 -0.4832480831260406 1.6455171355929886 1.345192901878765 -1.421472777866445
DSC05695.jpg -0.36420633492958626 -0.40707605703253937 0.7088383501944833 -0.31084217647142095 1.8300722716036795 -3.099569690384132 1.270166070096623
DSC05703.jpg 0.6654039793612836 0.366814061404506 -0.5514366222390198 0.4127714781127852 2.5666934696975168 -1.417275449003376 -0.846507364667209
DSC05711.jpg -0.4368297871488919 -0.5702601092535766 0.6132868681616655 -0.03372819099186338 2.7787950332509193 1.448776481702312 1.591179700182388
DSC05719.jpg -0.018388029635632696 0.033026728097315995 0.9917967565229673 -0.12122647106261177 0.9641168959514842 0.99172406519485706 2.491842824117182
DSC05728.jpg 0.4587054128281385 -0.3642268382854054 0.3347008316454429 0.7895080556275475 2.013339738608246 -4.6700194048783 0.1283867247755504
DSC05738.jpg 0.38998260977903277 -0.43932540747805845 0.39022685529863797 0.6147515018951669 1.544975933554118 -0.5494943239519525 -0.90162860973227407
DSC05747.jpg 0.16761215671553081 0.069295798565647656 0.9587344774547567 0.36392655652818986 0.72920013882023066 -1.9535686886045835 -1.0642422839930954
DSC05755.jpg -0.01792130289382056 0.045532693402847061 0.9723044578303815 -0.12889652608471352 0.8840546881353897 -0.417505273028639 1.2661726245411705
DSC05763.jpg 0.8411065311551397 0.19937526417284252 -0.3259456324092863 -0.25024917773113033 0.34536061263622451 -3.3779488512226485 6.694327316942597
DSC05771.jpg 0.33005141496784543 0.09003143031601429 0.7134402111981846 0.5639449312390127 0.8366795122119222 -2.4630867256315153 5.784688789861876
DSC05780.jpg 0.9187353980621827 0.29022255643716832 0.17207510724535859 -0.01220190337615133 -0.6694889497789504 -1.042783790408447 1.890888090571061
DSC05788.jpg 0.6517870985737656 0.01141022863514994 -0.6485491764798426 -0.35958861720238996 0.875968893041504 1.7165303533413033 1.9053191553294358
DSC05797.jpg 0.5063081589565459 -0.40204438256732875 0.2023923740552952 0.6944730521285095 -0.3935875050703068 -1.0178537689965126 1.4940703724263313
DSC05805.jpg 0.34113209796821366 0.3438908146610643 0.8001510074028453 0.22157987900611965 0.1063821948688956 1.7880526368255124 -1.5900998407392868
