DSC05572.jpg 0.9669490481357466 -0.2530411819612217 0.02858378616157754 0.01275404679742248 -2.946545 1.5504997 3.4011726
DSC05580.jpg 0.9929473006400928 0.11723062494300372 -0.017533635968842668 0.0022826162047320884 1.2710987 -1.6899958 1.516061
DSC05588.jpg 0.9018098539509191 0.07395587580696018 -0.38695282531645603 -0.1775866738532479 -0.17822556 -3.4132361 5.461093
DSC05596.jpg -0.6458154395688835 0.20289622018615439 0.7297269789031761 0.0961981190536745 1.871271 1.9832717 3.2297997
DSC05604.jpg 0.054861275854847326 0.02510031844187146 0.9766525182848748 0.20617971033423083 -3.3392735 0.89125085 2.6294992
DSC05612.jpg 0.04585136415499932 0.02623766016654573 0.975209184938083 0.21488667526515137 1.5929021 0.36791578 2.1626203
DSC05620.jpg -0.39360961749715717 -0.5663137149643407 0.6613074214245671 0.29501311771821104 1.7114418 3.8760557 2.2380621
DSC05628.jpg 0.6842151398659764 0.2360793858846391 0.5086863467648214 0.46621279106602576 -1.095116 -2.233725 0.70058775
DSC05636.jpg 0.9089121184934951 0.17642761808039714 0.3142530795233644 0.209754757858377 0.15382011 -3.734332 3.0240345
DSC05644.jpg 0.45318177240051294 -0.3677455389352401 0.34485743591347917 0.7351617839988285 -0.36818558 -4.4961944 2.1356888
DSC05652.jpg 0.3949559462873634 -0.12580193470990686 0.9027681868342617 0.11486198046123519 -0.01875245 1.2090882 -1.1155424
DSC05661.jpg 0.9218598216768611 -0.07660349252455546 0.3722183215639538 0.07589397343043261 -0.21134432 0.69120836 -0.28752574
DSC05669.jpg 0.7609579205856536 0.16701537659243917 0.5168145749939476 0.3548966076950713 0.5067786 0.3190296 -0.10511655
DSC05678.jpg 0.6600338701711188 0.4350023916749438 -0.5307428628737578 0.30567993550866374 -0.05396007 -0.12950835 1.1696124
DSC05686.jpg 0.750199594487873 0.09851813498376145 -0.4747307727258976 -0.4495836284125841 1.4385111 1.1426926 -1.3268231
DSC05695.jpg -0.30548769421165406 -0.48515638007875633 0.7484194105919728 -0.3334200674873792 1.1388836 -3.0959334 1.2750851
DSC05703.jpg 0.6290403906464686 0.33599497713014354 -0.5556658555362615 0.4273769054006161 2.567848 -1.1088378 -0.8417416
DSC05711.jpg -0.4066050704772752 -0.5896337589581769 0.6936398055160528 -0.07660396310030572 2.0691314 1.2395407 1.2936913
DSC05719.jpg -0.03845952369352371 0.009704035447040904 0.9914451658201913 -0.1243510349980381 0.16228151 0.48847708 2.7999375
DSC05728.jpg 0.4800417615508751 -0.3967156441874773 0.33528913954239253 0.7069354975731306 2.109017 -4.468288 0.5251182
DSC05738.jpg 0.3971125251510451 -0.472181605476163 0.37246202759785907 0.69326633541216 1.9413127 -0.0512084 -0.30716845
DSC05747.jpg 0.13563655109961906 0.006604199100968905 0.9095424181382693 0.3927998220050833 0.018900404 -1.6523603 -1.5671456
DSC05755.jpg -0.09703050599878874 0.013876526079507822 0.9825562225906834 -0.15803731324567347 0.58643615 -0.51476747 1.1660874
DSC05763.jpg 0.858696730286458 0.17090337332859742 -0.397629325865963 -0.2744501440911117 0.04388938 -3.0630283 6.2007537
DSC05771.jpg 0.30445126590525096 0.07031255461877403 0.7721519321351183 0.5533054898080044 0.8355306 -2.3648396 5.385165
DSC05780.jpg 0.9687617692337359 0.21922026788101373 0.11378520786677628 -0.02227184527633683 -0.8726089 -1.1494168 1.902083
DSC05788.jpg -0.6482369722655638 -0.055053510959480224 0.6552823441100342 0.383878871802901 0.66834116 1.6163731 1.703899
DSC05797.jpg 0.50685509315052 -0.44321231992475046 0.28392607338288745 0.6826761595864276 -0.7996279 -1.8177342 1.4980766
DSC05805.jpg 0.3035554921562661 0.3140211657689649 0.8690838933395976 0.2322454670570652 0.61341125 1.1821547 -1.8933649
