DSC05572.jpg 0.9772077869461443 -0.2719154151630385 0.089440876343362683 0.093451961719785044 -2.916591886939389 1.5398319286817004 3.3639463550180617
DSC05580.jpg 0.912781352388058 0.17842750671435914 -0.058815689786564612 0.0224661349951550383 1.2154826811402378 -1.6657161159703251 1.5046332818328376
DSC05588.jpg 0.9522513684875283 0.05466800586167743 -0.3159793146943273 -0.1471641204959953 -0.12441731749375441 -3.428034099402435 5.422406558792466
DSC05596.jpg 0.6425746085542569 -0.2066958447305592 -0.7815797169941194 -0.03573827810896031 1.8230906896396626 1.9106925477394264 3.2318730354046596
DSC05604.jpg 0.06117838261002636 0.06220638058740202 0.9668432325858462 0.22655495338012106 -3.3271943598767133 0.8238669301795275 2.6807576041436624
DSC05612.jpg 0.01581710422814213 0.01731382023979397 0.9051966546005293 0.25481674292287314 1.5529499482413356 0.39736188636599837 2.10892970281828
DSC05620.jpg -0.31293019447121297 -0.5593440289491528 0.6200305667940091 0.2829383721371102 1.7989667909975792 3.8989404726107646 2.2824767399866365
DSC05628.jpg 0.6564023194356259 0.20673690713500395 0.5165690740889951 0.4049680266966368 -1.0843154481070083 -2.2719301271300014 0.6985048888078441
DSC05636.jpg 0.9394960171621357 0.19777254865660397 0.3716838451263314 0.20992164347111208 0.14366140094516625 -3.727112686773473 3.04492955547707
DSC05644.jpg 0.4320873862777113 -0.3542917087533987 0.3822718411688365 0.7187547176465344 -0.35043344496100217 -4.407743653645444 2.138255554595907
DSC05652.jpg 0.39375276048588154 -0.10869409846137836 0.9330079907332986 0.15389978622794722 -0.032304827285239664 1.2214653117913574 -1.1693336565850625
DSC05661.jpg 0.9124782944168106 -0.0864651012497056 0.3102827425334425 0.0479588045228839 -0.21453267828692065 0.6608399703235834 -0.2302291203526417
DSC05669.jpg 0.7029337970746701 0.14881623775245735 0.5341685134884106 0.38364366089250115 0.5788728063116409 0.3481887662060731 -0.14217565328082316
DSC05678.jpg 0.6712351022152507 0.42535810237066214 -0.5182385995502927 0.39691276324673683 -0.00521586238100445 -0.19508891694164865 1.1650373467282467
DSC05686.jpg 0.7359373249090384 0.01949765558126623 -0.4777487822945742 -0.4832480831260406 1.4955171355929886 1.175192901878765 -1.361472777866445
DSC05695.jpg -0.30420633492958626 -0.47707605703253937 0.7388383501944833 -0.32084217647142095 1.1500722716036795 -3.059569690384132 1.250166070096623
DSC05703.jpg 0.6254039793612836 0.346814061404506 -0.5914366222390198 0.4127714781127852 2.5766934696975168 -1.167275449003376 -0.886507364667209
DSC05711.jpg -0.4268297871488919 -0.5302601092535766 0.6132868681616655 -0.01372819099186338 2.0587950332509193 1.278776481702312 1.281179700182388
DSC05719.jpg -0.008388029635632696 0.003026728097315995 0.9917967565229673 -0.19122647106261177 0.1741168959514842 0.42172406519485706 2.721842824117182
DSC05728.jpg 0.4687054128281385 -0.3642268382854054 0.3947008316454429 0.7095080556275475 2.123339738608246 -4.4000194048783 0.5383867247755504
DSC05738.jpg 0.35998260977903277 -0.49932540747805845 0.37022685529863797 0.6247515018951669 1.974975933554118 -0.0694943239519525 -0.38162860973227407
DSC05747.jpg 0.12761215671553081 0.039295798565647656 0.9687344774547567 0.31392655652818986 0.02920013882023066 -1.6435686886045835 -1.5542422839930954
DSC05755.jpg -0.08792130289382056 0.095532693402847061 0.9423044578303815 -0.14889652608471352 0.5340546881353897 -0.547505273028639 1.1861726245411705
DSC05763.jpg 0.8611065311551397 0.10937526417284252 -0.3059456324092863 -0.24024917773113033 0.04536061263622451 -3.0079488512226485 6.174327316942597
DSC05771.jpg 0.33005141496784543 0.00003143031601429 0.7334402111981846 0.5539449312390127 0.8966795122119222 -2.3630867256315153 5.324688789861876
DSC05780.jpg 0.9287353980621827 0.23022255643716832 0.18207510724535859 -0.07220190337615133 -0.8994889497789504 -1.132783790408447 1.820888090571061
DSC05788.jpg 0.6017870985737656 0.09141022863514994 -0.6485491764798426 -0.36958861720238996 0.685968893041504 1.6465303533413033 1.7053191553294358
DSC05797.jpg 0.5263081589565459 -0.45204438256732875 0.2423923740552952 0.6144730521285095 -0.7135875050703068 -1.8278537689965126 1.4440703724263313
DSC05805.jpg 0.36113209796821366 0.3638908146610643 0.8701510074028453 0.28157987900611965 0.6263821948688956 1.1180526368255124 -1.8700998407392868
