DSC05572.jpg 0.9652077869461443 -0.2549154151630385 0.025440876343362683 0.012451961719785044 -2.951591886939389 1.5518319286817004 3.3979463550180617
DSC05580.jpg 0.993781352388058 0.11342750671435914 -0.012815689786564612 0.0054661349951550383 1.2714826811402378 -1.6887161159703251 1.5096332818328376
DSC05588.jpg 0.9062513684875283 0.07266800586167743 -0.3819793146943273 -0.1781641204959953 -0.17541731749375441 -3.414034099402435 5.459406558792466
DSC05596.jpg 0.6475746085542569 -0.2026958447305592 -0.7305797169941194 -0.09673827810896031 1.8720906896396626 1.9826925477394264 3.2288730354046596
DSC05604.jpg 0.05917838261002636 0.02820638058740202 0.9798432325858462 0.20455495338012106 -3.3421943598767133 0.8928669301795275 2.6267576041436624
DSC05612.jpg 0.04181710422814213 0.02531382023979397 0.9731966546005293 0.21481674292287314 1.5989499482413356 0.36636188636599837 2.15892970281828
DSC05620.jpg -0.39793019447121297 -0.5653440289491528 0.6670305667940091 0.2989383721371102 1.7139667909975792 3.8819404726107646 2.2364767399866365
DSC05628.jpg 0.6814023194356259 0.23973690713500395 0.5085690740889951 0.4689680266966368 -1.0963154481070083 -2.2389301271300014 0.6995048888078441
DSC05636.jpg 0.9014960171621357 0.17477254865660397 0.3186838451263314 0.20792164347111208 0.15966140094516625 -3.731112686773473 3.02092955547707
DSC05644.jpg 0.4510873862777113 -0.3692917087533987 0.3412718411688365 0.7317547176465344 -0.37243344496100217 -4.498743653645444 2.136255554595907
DSC05652.jpg 0.39175276048588154 -0.12269409846137836 0.9040079907332986 0.11389978622794722 -0.014304827285239664 1.2114653117913574 -1.1143336565850625
DSC05661.jpg 0.9204782944168106 -0.0794651012497056 0.3722827425334425 0.0739588045228839 -0.20953267828692065 0.6938399703235834 -0.2862291203526417
DSC05669.jpg 0.7659337970746701 0.16481623775245735 0.5191685134884106 0.35264366089250115 0.5058728063116409 0.3221887662060731 -0.10917565328082316
DSC05678.jpg 0.6602351022152507 0.43835810237066214 -0.5292385995502927 0.30091276324673683 -0.05021586238100445 -0.13308891694164865 1.1680373467282467
DSC05686.jpg 0.7409373249090384 0.09649765558126623 -0.4747487822945742 -0.4512480831260406 1.4415171355929886 1.144192901878765 -1.329472777866445
DSC05695.jpg -0.30420633492958626 -0.48107605703253937 0.7448383501944833 -0.33584217647142095 1.1350722716036795 -3.093569690384132 1.273166070096623
DSC05703.jpg 0.6324039793612836 0.334814061404506 -0.5574366222390198 0.4297714781127852 2.5626934696975168 -1.113275449003376 -0.841507364667209
DSC05711.jpg -0.4088297871488919 -0.5942601092535766 0.6982868681616655 -0.07872819099186338 2.0707950332509193 1.242776481702312 1.290179700182388
DSC05719.jpg -0.039388029635632696 0.011026728097315995 0.9947967565229673 -0.12822647106261177 0.1671168959514842 0.49572406519485706 2.796842824117182
DSC05728.jpg 0.4797054128281385 -0.3932268382854054 0.3337008316454429 0.7015080556275475 2.111339738608246 -4.4700194048783 0.5233867247755504
DSC05738.jpg 0.39198260977903277 -0.46732540747805845 0.37822685529863797 0.6947515018951669 1.945975933554118 -0.0454943239519525 -0.30362860973227407
DSC05747.jpg 0.13561215671553081 0.006295798565647656 0.9097344774547567 0.39292655652818986 0.02020013882023066 -1.6535686886045835 -1.5682422839930954
DSC05755.jpg -0.09192130289382056 0.010532693402847061 0.9873044578303815 -0.15589652608471352 0.5800546881353897 -0.514505273028639 1.1691726245411705
DSC05763.jpg 0.8651065311551397 0.16737526417284252 -0.3929456324092863 -0.27924917773113033 0.04336061263622451 -3.0709488512226485 6.199327316942597
DSC05771.jpg 0.30905141496784543 0.07103143031601429 0.7724402111981846 0.5549449312390127 0.8396795122119222 -2.3660867256315153 5.383688789861876
DSC05780.jpg 0.9677353980621827 0.22222255643716832 0.11607510724535859 -0.02720190337615133 -0.8674889497789504 -1.144783790408447 1.899888090571061
DSC05788.jpg 0.6497870985737656 0.05741022863514994 -0.6525491764798426 -0.38558861720238996 0.675968893041504 1.6115303533413033 1.7013191553294358
DSC05797.jpg 0.5063081589565459 -0.44504438256732875 0.2893923740552952 0.6814730521285095 -0.7955875050703068 -1.8138537689965126 1.4960703724263313
DSC05805.jpg 0.30913209796821366 0.3138908146610643 0.8711510074028453 0.23157987900611965 0.6093821948688956 1.1850526368255124 -1.8950998407392868
