DSC05572.jpg 0.9672077869461443 -0.2519154151630385 0.029440876343362683 0.013451961719785044 -2.956591886939389 1.5598319286817004 3.3939463550180617
DSC05580.jpg 0.992781352388058 0.11842750671435914 -0.018815689786564612 0.0024661349951550383 1.2754826811402378 -1.6857161159703251 1.5046332818328376
DSC05588.jpg 0.9022513684875283 0.07466800586167743 -0.3859793146943273 -0.1771641204959953 -0.17441731749375441 -3.418034099402435 5.452406558792466
DSC05596.jpg 0.6425746085542569 -0.2066958447305592 -0.7315797169941194 -0.09573827810896031 1.8730906896396626 1.9806925477394264 3.2218730354046596
DSC05604.jpg 0.05117838261002636 0.02220638058740202 0.9768432325858462 0.20655495338012106 -3.3471943598767133 0.8938669301795275 2.6207576041436624
DSC05612.jpg 0.04581710422814213 0.02731382023979397 0.9751966546005293 0.21481674292287314 1.5929499482413356 0.36736188636599837 2.15892970281828
DSC05620.jpg -0.39293019447121297 -0.5693440289491528 0.6600305667940091 0.2929383721371102 1.7189667909975792 3.8889404726107646 2.2324767399866365
DSC05628.jpg 0.6864023194356259 0.23673690713500395 0.5065690740889951 0.4649680266966368 -1.0943154481070083 -2.2319301271300014 0.6985048888078441
DSC05636.jpg 0.9094960171621357 0.17777254865660397 0.3116838451263314 0.20992164347111208 0.15366140094516625 -3.737112686773473 3.02492955547707
DSC05644.jpg 0.4520873862777113 -0.3642917087533987 0.3422718411688365 0.7387547176465344 -0.37043344496100217 -4.497743653645444 2.138255554595907
DSC05652.jpg 0.39375276048588154 -0.12869409846137836 0.9030079907332986 0.11389978622794722 -0.012304827285239664 1.2114653117913574 -1.1193336565850625
DSC05661.jpg 0.9224782944168106 -0.0764651012497056 0.3702827425334425 0.0779588045228839 -0.20453267828692065 0.6908399703235834 -0.2802291203526417
DSC05669.jpg 0.7629337970746701 0.16881623775245735 0.5141685134884106 0.35364366089250115 0.5088728063116409 0.3281887662060731 -0.10217565328082316
DSC05678.jpg 0.6612351022152507 0.43535810237066214 -0.5282385995502927 0.30691276324673683 -0.05521586238100445 -0.13508891694164865 1.1650373467282467
DSC05686.jpg 0.7459373249090384 0.09949765558126623 -0.4777487822945742 -0.4532480831260406 1.4455171355929886 1.145192901878765 -1.321472777866445
DSC05695.jpg -0.30420633492958626 -0.48707605703253937 0.7488383501944833 -0.33084217647142095 1.1300722716036795 -3.099569690384132 1.270166070096623
DSC05703.jpg 0.6354039793612836 0.336814061404506 -0.5514366222390198 0.4227714781127852 2.5666934696975168 -1.117275449003376 -0.846507364667209
DSC05711.jpg -0.4068297871488919 -0.5902601092535766 0.6932868681616655 -0.07372819099186338 2.0787950332509193 1.248776481702312 1.291179700182388
DSC05719.jpg -0.038388029635632696 0.013026728097315995 0.9917967565229673 -0.12122647106261177 0.1641168959514842 0.49172406519485706 2.791842824117182
DSC05728.jpg 0.4787054128281385 -0.3942268382854054 0.3347008316454429 0.7095080556275475 2.113339738608246 -4.4700194048783 0.5283867247755504
DSC05738.jpg 0.39998260977903277 -0.46932540747805845 0.37022685529863797 0.6947515018951669 1.944975933554118 -0.0494943239519525 -0.30162860973227407
DSC05747.jpg 0.13761215671553081 0.009295798565647656 0.9087344774547567 0.39392655652818986 0.02920013882023066 -1.6535686886045835 -1.5642422839930954
DSC05755.jpg -0.09792130289382056 0.015532693402847061 0.9823044578303815 -0.15889652608471352 0.5840546881353897 -0.517505273028639 1.1661726245411705
DSC05763.jpg 0.8611065311551397 0.16937526417284252 -0.3959456324092863 -0.27024917773113033 0.04536061263622451 -3.0779488512226485 6.194327316942597
DSC05771.jpg 0.30005141496784543 0.07003143031601429 0.7734402111981846 0.5539449312390127 0.8366795122119222 -2.3630867256315153 5.384688789861876
DSC05780.jpg 0.9687353980621827 0.22022255643716832 0.11207510724535859 -0.02220190337615133 -0.8694889497789504 -1.142783790408447 1.890888090571061
DSC05788.jpg 0.6417870985737656 0.05141022863514994 -0.6585491764798426 -0.38958861720238996 0.675968893041504 1.6165303533413033 1.7053191553294358
DSC05797.jpg 0.5063081589565459 -0.44204438256732875 0.2823923740552952 0.6844730521285095 -0.7935875050703068 -1.8178537689965126 1.4940703724263313
DSC05805.jpg 0.30113209796821366 0.3138908146610643 0.8701510074028453 0.23157987900611965 0.6063821948688956 1.1880526368255124 -1.8900998407392868