DSC05572.jpg 0.9632077869461443 -0.2539154151630385 0.028440876343362686 0.013451961719785042 -2.94559188693939 1.546831928681701 3.3899463550180626
DSC05580.jpg 0.997781352388058 0.11842750671435914 -0.017815689786564615 0.0024661349951550383 1.268482681140238 -1.6817161159703258 1.504633281832838
DSC05588.jpg 0.9062513684875283 0.07466800586167743 -0.3849793146943273 -0.1771641204959953 -0.17841731749375442 -3.4180340994024347 5.463406558792467
DSC05596.jpg 0.6445746085542569 -0.20669584473055921 -0.7315797169941194 -0.09473827810896031 1.8690906896396629 1.976692547739427 3.2208730354046606
DSC05604.jpg 0.055178382610026354 0.01920638058740201 0.9798432325858462 0.20555495338012106 -3.3421943598767134 0.8878669301795274 2.620757604143663
DSC05612.jpg 0.046817104228142135 0.027313820239793972 0.9751966546005293 0.21481674292287314 1.604949948241335 0.36836188636599837 2.1579297028182802
DSC05620.jpg -0.39493019447121297 -0.5653440289491528 0.6600305667940091 0.2959383721371102 1.713966790997579 3.8639404726107665 2.20447673998664
DSC05628.jpg 0.6834023194356259 0.23673690713500395 0.5075690740889951 0.4639680266966368 -1.1043154481070074 -2.2379301271300016 0.6835048888078441
DSC05636.jpg 0.9014960171621357 0.17877254865660397 0.3126838451263314 0.2119216434711121 0.15566140094516626 -3.7291126867734734 3.0069295554770714
DSC05644.jpg 0.4520873862777113 -0.36729170875339867 0.3432718411688365 0.7357547176465344 -0.36243344496100216 -4.505743653645446 2.1312555545959078
DSC05652.jpg 0.39275276048588154 -0.12869409846137836 0.9030079907332986 0.11289978622794722 -0.015304827285239665 1.1984653117913588 -1.1233336565850616
DSC05661.jpg 0.9194782944168106 -0.0754651012497056 0.3722827425334425 0.07795880452288391 -0.22053267828692066 0.6998399703235834 -0.2772291203526417
DSC05669.jpg 0.7659337970746701 0.16681623775245735 0.5151685134884106 0.35364366089250115 0.5078728063116409 0.3211887662060731 -0.11017565328082315
DSC05678.jpg 0.6612351022152507 0.43535810237066214 -0.5292385995502927 0.30591276324673683 -0.05021586238100445 -0.12908891694164865 1.1620373467282474
DSC05686.jpg 0.7409373249090384 0.10149765558126624 -0.4777487822945742 -0.4532480831260406 1.446517135592988 1.1461929018787649 -1.3154727778664466
DSC05695.jpg -0.30020633492958626 -0.48507605703253937 0.7448383501944833 -0.33384217647142095 1.139072271603679 -3.094569690384132 1.281166070096622
DSC05703.jpg 0.6314039793612836 0.336814061404506 -0.5504366222390198 0.4247714781127852 2.5626934696975168 -1.1092754490033765 -0.833507364667209
DSC05711.jpg -0.4068297871488919 -0.5912601092535766 0.6912868681616655 -0.07272819099186338 2.0517950332509214 1.2537764817023107 1.2921797001823878
DSC05719.jpg -0.038388029635632696 0.013026728097315997 0.9917967565229673 -0.12122647106261175 0.1651168959514842 0.49472406519485707 2.794842824117182
DSC05728.jpg 0.4777054128281385 -0.3972268382854054 0.3337008316454429 0.7045080556275475 2.1273397386082444 -4.461019404878297 0.5023867247755504
DSC05738.jpg 0.4019826097790328 -0.47032540747805845 0.37022685529863797 0.6957515018951669 1.946975933554118 -0.03449432395195249 -0.28362860973227405
DSC05747.jpg 0.1356121567155308 0.008295798565647657 0.9067344774547567 0.39392655652818986 0.028200138820230668 -1.6595686886045828 -1.563242283993096
DSC05755.jpg -0.09992130289382056 0.015532693402847065 0.9823044578303815 -0.15789652608471352 0.5610546881353897 -0.508505273028639 1.1581726245411716
DSC05763.jpg 0.8641065311551397 0.16937526417284252 -0.3949456324092863 -0.27024917773113033 0.04036061263622451 -3.075948851222648 6.200327316942597
DSC05771.jpg 0.30005141496784543 0.07003143031601429 0.7724402111981846 0.5549449312390127 0.8386795122119222 -2.3560867256315166 5.372688789861872
DSC05780.jpg 0.9697353980621827 0.22022255643716832 0.11207510724535859 -0.022201903376151324 -0.8704889497789504 -1.1407837904084475 1.8868880905710623
DSC05788.jpg 0.6447870985737656 0.04941022863514993 -0.6605491764798426 -0.38658861720238996 0.680968893041504 1.5915303533413054 1.7043191553294355
DSC05797.jpg 0.5053081589565459 -0.44204438256732875 0.2833923740552952 0.6844730521285095 -0.7975875050703068 -1.827853768996511 1.4940703724263316
DSC05805.jpg 0.30213209796821366 0.3128908146610643 0.8711510074028453 0.23157987900611965 0.6103821948688956 1.1860526368255122 -1.9050998407392856
