DSC05572.jpg 0.9572077869461443 -0.2219154151630385 0.07944087634336268 0.003451961719785044 -2.2565918869393893 2.0598319286817004 3.6939463550180616
DSC05580.jpg 0.992781352388058 0.13842750671435916 -0.058815689786564616 0.012466134995155038 1.5754826811402378 -1.1857161159703251 1.0046332818328376
DSC05588.jpg 0.9422513684875283 0.05466800586167743 -0.3459793146943273 -0.1671641204959953 -0.5744173174937545 -3.518034099402435 5.252406558792466
DSC05596.jpg 0.6825746085542569 -0.2666958447305592 -0.7115797169941194 -0.07573827810896032 1.6730906896396627 1.6806925477394263 3.3218730354046597
DSC05604.jpg 0.06117838261002636 0.03220638058740202 0.9768432325858462 0.23655495338012106 -3.7471943598767132 0.3938669301795275 2.8207576041436626
DSC05612.jpg 0.04581710422814213 0.06731382023979397 0.9351966546005293 0.24481674292287314 1.4929499482413358 0.6673618863659984 2.05892970281828
DSC05620.jpg -0.33293019447121297 -0.5193440289491528 0.6100305667940091 0.2429383721371102 1.3189667909975793 3.4889404726107647 2.0324767399866364
DSC05628.jpg 0.6664023194356259 0.2667369071350039 0.5865690740889951 0.4449680266966368 -1.6943154481070084 -2.431930127130001 0.3985048888078441
DSC05636.jpg 0.9794960171621357 0.10777254865660398 0.3916838451263314 0.20992164347111208 0.05366140094516625 -4.137112686773473 3.12492955547707
DSC05644.jpg 0.4220873862777113 -0.3342917087533987 0.3122718411688365 0.7087547176465344 -0.7704334449610022 -4.797743653645444 2.938255554595907
DSC05652.jpg 0.32375276048588153 -0.10869409846137836 0.9130079907332985 0.12389978622794721 -0.41230482728523965 1.4114653117913574 -1.7193336565850625
DSC05661.jpg 0.9824782944168106 -0.08646510124970559 0.39028274253344253 0.0379588045228839 -0.7045326782869207 0.2908399703235834 -0.5802291203526417
DSC05669.jpg 0.7329337970746701 0.15881623775245735 0.5641685134884106 0.36364366089250116 0.8088728063116409 0.928188766206073 -0.5021756532808231
DSC05678.jpg 0.6312351022152507 0.44535810237066215 -0.5082385995502927 0.36691276324673683 -0.15521586238100446 -0.43508891694164864 1.0650373467282468
DSC05686.jpg 0.7959373249090383 0.04949765558126623 -0.48774878229457425 -0.4832480831260406 1.6455171355929885 1.345192901878765 -1.421472777866445
DSC05695.jpg -0.35420633492958625 -0.40707605703253935 0.7288383501944833 -0.31084217647142093 1.8300722716036795 -3.099569690384132 1.270166070096623
DSC05703.jpg 0.6654039793612836 0.346814061404506 -0.5514366222390198 0.4127714781127852 2.5666934696975168 -1.317275449003376 -0.846507364667209
DSC05711.jpg -0.4368297871488919 -0.5702601092535766 0.6132868681616656 -0.03372819099186338 2.7787950332509195 1.448776481702312 1.8911797001823882
DSC05719.jpg -0.018388029635632696 0.013026728097315992 0.9917967565229673 -0.12122647106261177 0.9641168959514842 0.891724065194857 2.491842824117182
DSC05728.jpg 0.4787054128281385 -0.3642268382854054 0.3447008316454429 0.7895080556275474 2.013339738608246 -4.6700194048783 0.1283867247755504
DSC05738.jpg 0.38998260977903276 -0.4393254074780584 0.37022685529863797 0.6147515018951669 1.444975933554118 -0.5494943239519525 -0.9016286097322741
DSC05747.jpg 0.1676121567155308 0.039295798565647654 0.9587344774547567 0.36392655652818984 0.7292001388202307 -1.9535686886045835 -1.0642422839930954
DSC05755.jpg -0.03792130289382056 0.04553269340284706 0.9723044578303816 -0.12889652608471353 0.8840546881353897 -0.31750527302863896 1.2661726245411704
DSC05763.jpg 0.8411065311551397 0.19937526417284251 -0.3359456324092863 -0.2502491777311303 0.34536061263622453 -3.177948851222648 6.694327316942597
DSC05771.jpg 0.3300514149678454 0.10003143031601429 0.7034402111981846 0.5539449312390127 0.8366795122119222 -2.4630867256315154 5.784688789861876
DSC05780.jpg 0.9187353980621827 0.2902225564371683 0.1720751072453586 -0.01220190337615133 -0.9694889497789503 -1.042783790408447 1.890888090571061
DSC05788.jpg 0.6517870985737656 0.01141022863514994 -0.6585491764798426 -0.37958861720238996 0.875968893041504 1.7165303533413032 1.9053191553294357
DSC05797.jpg 0.5063081589565459 -0.4020443825673288 0.22239237405529522 0.6944730521285095 -0.3935875050703068 -1.0178537689965126 1.3940703724263313
DSC05805.jpg 0.34113209796821364 0.3638908146610643 0.8101510074028453 0.22157987900611964 0.1063821948688956 1.7880526368255123 -1.5900998407392868