DSC05572.jpg 0.9572077869461443 -0.2219154151630385 0.07944087634336268 0.003451961719785044 -2.056591886939389 2.2598319286817006 3.6939463550180616
DSC05580.jpg 0.992781352388058 0.14842750671435917 -0.048815689786564614 0.012466134995155038 1.5754826811402378 -1.1857161159703251 1.1046332818328377
DSC05588.jpg 0.9422513684875283 0.05466800586167743 -0.3559793146943273 -0.1771641204959953 -0.4744173174937545 -3.518034099402435 5.352406558792466
DSC05596.jpg 0.6825746085542569 -0.24669584473055917 -0.7115797169941194 -0.07573827810896032 1.6730906896396627 1.7806925477394264 3.3218730354046597
DSC05604.jpg 0.06117838261002636 0.03220638058740202 0.9868432325858462 0.2565549533801211 -3.7471943598767132 0.5938669301795275 2.8207576041436626
DSC05612.jpg 0.035817104228142126 0.04731382023979397 0.9451966546005293 0.24481674292287314 1.3929499482413357 0.6673618863659984 2.05892970281828
DSC05620.jpg -0.33293019447121297 -0.5193440289491528 0.6500305667940092 0.2429383721371102 1.3189667909975793 3.1889404726107644 2.0324767399866364
DSC05628.jpg 0.6664023194356259 0.27673690713500393 0.5865690740889951 0.4449680266966368 -1.6943154481070084 -2.331930127130001 0.7985048888078441
DSC05636.jpg 0.9794960171621357 0.10777254865660398 0.3716838451263314 0.20992164347111208 0.05366140094516625 -4.137112686773473 3.12492955547707
DSC05644.jpg 0.4120873862777113 -0.3442917087533987 0.3222718411688365 0.6987547176465344 -0.8704334449610022 -5.097743653645443 2.938255554595907
DSC05652.jpg 0.4137527604858816 -0.11869409846137835 0.9330079907332985 0.12389978622794721 -0.41230482728523965 1.3114653117913573 -1.6193336565850625
DSC05661.jpg 0.9824782944168106 -0.0664651012497056 0.39028274253344253 0.0379588045228839 -0.7045326782869207 0.6908399703235834 -0.5802291203526417
DSC05669.jpg 0.7329337970746701 0.15881623775245735 0.5541685134884106 0.36364366089250116 0.8088728063116409 0.8281887662060731 -0.5021756532808231
DSC05678.jpg 0.6312351022152507 0.44535810237066215 -0.4882385995502927 0.36691276324673683 -0.055215862381004455 -0.43508891694164864 1.0650373467282468
DSC05686.jpg 0.7959373249090383 0.07949765558126623 -0.47774878229457424 -0.4732480831260406 1.5455171355929884 1.345192901878765 -1.421472777866445
DSC05695.jpg -0.36420633492958626 -0.40707605703253935 0.7088383501944833 -0.34084217647142095 1.8300722716036795 -3.099569690384132 1.270166070096623
DSC05703.jpg 0.6654039793612836 0.346814061404506 -0.5514366222390198 0.4127714781127852 2.5666934696975168 -1.1172754490033758 -0.946507364667209
DSC05711.jpg -0.4368297871488919 -0.5702601092535766 0.6132868681616656 -0.03372819099186338 2.7787950332509195 1.448776481702312 1.8911797001823882
DSC05719.jpg 0.0016119703643673045 0.023026728097315992 0.9917967565229673 -0.11122647106261177 0.8641168959514842 0.5917240651948571 2.491842824117182
DSC05728.jpg 0.4587054128281385 -0.3642268382854054 0.3347008316454429 0.7795080556275474 2.113339738608246 -4.4700194048783 0.1283867247755504
DSC05738.jpg 0.38998260977903276 -0.4393254074780584 0.410226855298638 0.6247515018951669 1.544975933554118 -0.5494943239519525 -0.9016286097322741
DSC05747.jpg 0.1676121567155308 0.02929579856564765 0.9587344774547567 0.36392655652818984 0.7292001388202307 -1.9535686886045835 -1.0642422839930954
DSC05755.jpg -0.06792130289382056 0.025532693402847056 0.9723044578303816 -0.14889652608471354 0.8840546881353897 -0.417505273028639 1.2661726245411704
DSC05763.jpg 0.8411065311551397 0.19937526417284251 -0.3259456324092863 -0.2502491777311303 0.24536061263622452 -3.177948851222648 6.694327316942597
DSC05771.jpg 0.3300514149678454 0.0900314303160143 0.7334402111981846 0.5639449312390127 0.8366795122119222 -2.2630867256315153 5.784688789861876
DSC05780.jpg 0.9187353980621827 0.2702225564371683 0.1620751072453586 -0.01220190337615133 -1.0694889497789504 -1.042783790408447 1.890888090571061
DSC05788.jpg 0.6517870985737656 0.01141022863514994 -0.6485491764798426 -0.39958861720239 0.875968893041504 1.7165303533413032 1.9053191553294357
DSC05797.jpg 0.5063081589565459 -0.4020443825673288 0.2123923740552952 0.6944730521285095 -0.3935875050703068 -1.0178537689965126 1.194070372426331
DSC05805.jpg 0.34113209796821364 0.3438908146610643 0.8301510074028453 0.23157987900611965 0.1063821948688956 1.7880526368255123 -1.5900998407392868