DSC05572.jpg 0.9672077869461443 -0.2519154151630385 0.02944087634336269 0.013451961719785044 -2.956591886939388 1.5598319286817004 3.393946355018061
DSC05580.jpg 0.842781352388058 0.1284275067143591 -0.0188156897865646 -0.007533865004844964 1.2154826811402377 -1.7557161159703252 1.5446332818328377
DSC05588.jpg 0.9722513684875284 0.07466800586167742 -0.3759793146943273 -0.16716412049599533 -0.15441731749375442 -3.418034099402435 5.672406558792461
DSC05596.jpg 0.6525746085542569 -0.2066958447305592 -0.7315797169941194 -0.0857382781089603 1.8330906896396626 1.9506925477394264 3.21187303540466
DSC05604.jpg 0.041178382610026355 0.032206380587402016 0.9668432325858461 0.20655495338012103 -3.3071943598767137 0.8938669301795276 2.560757604143665
DSC05612.jpg 0.04581710422814213 0.027313820239793972 0.9751966546005294 0.21481674292287312 1.5929499482413356 0.36736188636599837 2.158929702818279
DSC05620.jpg -0.362930194471213 -0.5593440289491528 0.6600305667940092 0.32293837213711024 1.7989667909975793 3.7789404726107674 2.392476739986634
DSC05628.jpg 0.7064023194356259 0.23673690713500398 0.5165690740889951 0.46496802669663684 -1.1343154481070084 -2.241930127130002 0.8085048888078442
DSC05636.jpg 0.9094960171621357 0.17777254865660394 0.31168384512633135 0.20992164347111208 0.15366140094516625 -3.737112686773473 3.0249295554770703
DSC05644.jpg 0.4220873862777113 -0.3642917087533987 0.3722718411688365 0.7187547176465344 -0.3804334449610022 -4.377743653645445 2.2082555545959055
DSC05652.jpg 0.39375276048588154 -0.12869409846137836 0.9030079907332986 0.11389978622794722 -0.012304827285239664 1.2114653117913574 -1.1193336565850625
DSC05661.jpg 0.9024782944168106 -0.07646510124970561 0.3802827425334426 0.0779588045228839 -0.2745326782869207 0.6908399703235835 -0.28022912035264175
DSC05669.jpg 0.7329337970746701 0.17881623775245736 0.5041685134884105 0.3736436608925011 0.5088728063116409 0.5181887662060732 0.04782434671917683
DSC05678.jpg 0.7012351022152508 0.43535810237066214 -0.5182385995502927 0.3269127632467368 0.02478413761899555 -0.2550889169416487 1.1150373467282466
DSC05686.jpg 0.7559373249090384 0.08949765558126623 -0.4777487822945742 -0.4732480831260406 1.4955171355929886 1.245192901878765 -1.381472777866445
DSC05695.jpg -0.30420633492958626 -0.48707605703253937 0.7488383501944833 -0.33084217647142095 1.1300722716036795 -3.099569690384131 1.260166070096623
DSC05703.jpg 0.6454039793612836 0.326814061404506 -0.5614366222390198 0.4127714781127852 2.586693469697517 -1.2072754490033761 -0.846507364667209
DSC05711.jpg -0.4068297871488919 -0.6002601092535766 0.6832868681616656 -0.06372819099186339 1.9487950332509203 1.338776481702312 1.311179700182388
DSC05719.jpg -0.038388029635632696 0.013026728097315995 0.9917967565229673 -0.1312264710626117 0.16411689595148418 0.40172406519485704 2.82184282411718
DSC05728.jpg 0.4687054128281385 -0.39422683828540545 0.33470083164544284 0.7095080556275475 2.133339738608246 -4.4200194048783 0.47838672477555033
DSC05738.jpg 0.4799826097790329 -0.5593254074780585 0.430226855298638 0.694751501895167 2.2049759335541137 -0.0794943239519525 -1.1016286097322747
DSC05747.jpg 0.15761215671553083 0.00929579856564765 0.9287344774547567 0.3839265565281899 0.14920013882023067 -1.7335686886045836 -1.6242422839930954
DSC05755.jpg -0.09792130289382056 0.01553269340284707 0.9823044578303816 -0.16889652608471353 0.5840546881353897 -0.6175052730286391 1.1861726245411706
DSC05763.jpg 0.8511065311551397 0.17937526417284255 -0.3959456324092864 -0.27024917773113033 0.07536061263622451 -3.0179488512226484 6.144327316942598
DSC05771.jpg 0.3100514149678454 0.060031430316014295 0.7734402111981846 0.5539449312390127 0.9266795122119222 -2.383086725631515 5.394688789861875
DSC05780.jpg 0.9187353980621827 0.23022255643716832 0.12207510724535854 -0.02220190337615132 -0.8994889497789504 -1.142783790408447 1.930888090571061
DSC05788.jpg 0.6017870985737656 0.08141022863514995 -0.6485491764798426 -0.38958861720238996 0.675968893041504 1.6665303533413034 1.6753191553294358
DSC05797.jpg 0.4963081589565459 -0.45204438256732876 0.2823923740552952 0.6744730521285095 -0.6535875050703067 -1.8878537689965127 1.3740703724263312
DSC05805.jpg 0.3111320979682136 0.3138908146610643 0.8701510074028453 0.22157987900611958 0.6763821948688956 1.0580526368255123 -1.9300998407392869