DSC05572.jpg 0.9672077869461443 -0.2519154151630385 0.029440876343362676 0.013451961719785044 -2.95659188693939 1.5598319286817 3.3939463550180613
DSC05580.jpg 0.7527813523880578 0.14842750671435917 -0.048815689786564614 0.01246613499515504 1.4754826811402377 -1.6857161159703256 1.6046332818328382
DSC05588.jpg 0.9022513684875283 0.07466800586167742 -0.38597931469432734 -0.1771641204959953 -0.17441731749375453 -3.4180340994024347 5.4524065587924655
DSC05596.jpg 0.6425746085542569 -0.19669584473055912 -0.7215797169941194 -0.1157382781089603 1.7730906896396628 2.180692547739427 3.2218730354046596
DSC05604.jpg 0.041178382610026355 0.02220638058740202 0.9868432325858462 0.19655495338012102 -3.547194359876713 0.7938669301795275 2.6207576041436624
DSC05612.jpg 0.04581710422814213 0.027313820239793965 0.9751966546005293 0.21481674292287312 1.5929499482413358 0.3673618863659984 2.15892970281828
DSC05620.jpg -0.40293019447121303 -0.5493440289491528 0.6600305667940092 0.2929383721371102 1.6189667909975796 3.688940472610765 2.1324767399866364
DSC05628.jpg 0.6264023194356259 0.2367369071350039 0.516569074088995 0.45496802669663683 -1.194315448107008 -2.331930127130001 0.49850488880784416
DSC05636.jpg 0.8794960171621357 0.17777254865660402 0.33168384512633137 0.19992164347111208 -0.04633859905483376 -3.737112686773473 2.8249295554770697
DSC05644.jpg 0.4120873862777113 -0.41429170875339877 0.35227184116883653 0.7187547176465344 0.5295665550389977 -4.497743653645445 3.8382555545959076
DSC05652.jpg 0.3937527604858816 -0.12869409846137836 0.9130079907332985 0.11389978622794722 -0.11230482728523966 1.2114653117913572 -1.219333656585062
DSC05661.jpg 0.9824782944168106 -0.0764651012497056 0.39028274253344253 0.0779588045228839 -0.7045326782869207 0.6908399703235834 -0.48022912035264176
DSC05669.jpg 0.7629337970746701 0.16881623775245735 0.5041685134884105 0.36364366089250116 0.608872806311641 0.42818876620607316 -0.00217565328082317
DSC05678.jpg 0.6612351022152507 0.43535810237066214 -0.5282385995502927 0.3069127632467368 -0.055215862381004455 -0.13508891694164865 1.1650373467282469
DSC05686.jpg 0.7859373249090383 0.07949765558126623 -0.47774878229457424 -0.4432480831260406 1.3455171355929882 1.0451929018787647 -1.421472777866445
DSC05695.jpg -0.33420633492958624 -0.4870760570325394 0.7488383501944833 -0.32084217647142094 0.8300722716036788 -3.199569690384132 1.170166070096623
DSC05703.jpg 0.6654039793612836 0.346814061404506 -0.5514366222390198 0.4127714781127852 2.5666934696975168 -1.1172754490033758 -0.946507364667209
DSC05711.jpg -0.5168297871488919 -0.6802601092535767 0.6832868681616656 -0.12372819099186336 2.7787950332509195 0.6487764817023118 2.2911797001823886
DSC05719.jpg -0.038388029635632696 0.013026728097315992 0.9917967565229673 -0.11122647106261177 0.16411689595148435 0.5917240651948571 2.7918428241171824
DSC05728.jpg 0.4487054128281385 -0.3742268382854054 0.3347008316454429 0.7095080556275474 2.013339738608246 -4.270019404878301 0.1283867247755504
DSC05738.jpg 0.5199826097790329 -0.5193254074780584 0.47022685529863806 0.704751501895167 1.644975933554118 0.050505676048047454 -1.2016286097322744
DSC05747.jpg 0.1376121567155308 0.01929579856564765 0.9187344774547567 0.36392655652818984 -0.07079986117976922 -1.9535686886045835 -1.4642422839930958
DSC05755.jpg -0.09792130289382055 0.015532693402847056 0.9823044578303816 -0.13889652608471353 0.5840546881353897 -0.31750527302863896 1.1661726245411703
DSC05763.jpg 0.8611065311551397 0.1693752641728425 -0.3959456324092864 -0.27024917773113033 0.04536061263622451 -3.077948851222648 6.194327316942599
DSC05771.jpg 0.3000514149678454 0.0700314303160143 0.7734402111981846 0.5539449312390127 0.8366795122119222 -2.3630867256315153 5.384688789861878
DSC05780.jpg 0.8587353980621827 0.24022255643716828 0.13207510724535856 -0.03220190337615133 -0.9694889497789504 -1.142783790408447 1.990888090571061
DSC05788.jpg 0.6417870985737656 0.05141022863514994 -0.6585491764798426 -0.38958861720238996 0.6759688930415041 1.6165303533413031 1.7053191553294356
DSC05797.jpg 0.4863081589565459 -0.4220443825673288 0.26239237405529525 0.6844730521285095 -0.5935875050703068 -1.517853768996513 1.2940703724263312
DSC05805.jpg 0.2911320979682136 0.3138908146610643 0.8601510074028453 0.25157987900611967 -0.09361780513110442 1.388052636825512 -2.090099840739287
